627
879
586
478
671
725
459
454
517
271
1273
603
500
665
810
416
739
833
781
851
785
750
790
621
556
527
545
745
691
698
794
862
343
-191
397
930
677
604
617
884
763
807
598
764
632
958
587
631
532
877
589
816
710
658
732
679
689
642
712
740
609
691
462
573
586
1057
701
1678
780
573
349
650
518
422
827
859
438
727
609
1008
549
857
935
705
612
708
907
623
821
690
607
702
541
557
986
590
581
341
548
877
584
563
831
806
634
458
962
905
419
664
559
1116
431
958
597
855
916
517
826
645
618
909
671
779
625
346
619
609
887
508
762
662
844
720
733
685
496
864
608
855
983
241
227
603
410
667
526
788
939
752
596
632
502
596
658
317
840
706
705
613
605
655
350
784
741
577
599
576
873
442
762
653
636
415
830
683
450
526
869
911
502
837
357
618
668
563
428
-20
615
952
817
895
757
517
700
966
529
895
656
704
974
544
307
634
948
565
688
854
1015
553
459
1061
410
572
536
562
449
838
523
585
637
961
818
665
646
909
881
647
572
867
712
679
796
905
605
388
430
805
730
634
641
901
782
849
1094
656
512
61
587
594
385
843
661
627
385
566
759
417
687
455
659
554
465
515
606
822
757
628
875
633
469
869
704
646
392
627
796
508
499
357
702
713
857
407
478
450
634
551
481
854
889
869
895
656
712
624
484
804
780
558
851
894
783
472
460
562
690
878
720
409
1088
547
399
575
540
594
767
746
801
867
885
929
1125
747
545
502
789
696
572
562
916
691
722
495
862
632
675
375
597
483
520
560
454
911
544
436
819
823
630
832
867
169
854
337
557
979
706
670
864
442
620
764
788
999
164
993
555
444
420
926
988
814
718
153
919
730
512
767
559
967
970
664
802
553
510
408
840
966
520
930
1020
762
650
627
691
797
594
985
481
793
510
672
803
491
992
708
678
448
676
895
711
597
891
816
651
851
811
625
1318
650
789
693
539
648
620
763
325
678
729
825
857
550
749
589
426
501
413
825
702
1162
734
733
686
642
595
675
794
788
629
432
848
730
416
484
553
479
941
276
706
551
608
881
790
620
172
604
316
612
927
299
694
546
754
832
355
736
890
969
455
511
1065
769
695
684
918
576
617
868
715
617
747
583
1068
667
482
842
194
810
695
573
484
395
578
736
594
419
877
687
747
689
723
387
