-21
649
-1173
1252
-468
-1124
-9
455
663
-1796
-150
82
1008
-122
-129
300
-1147
19
519
-1001
426
1076
105
-716
1951
1147
331
-166
387
-1927
-242
-651
600
-364
837
1165
-901
-555
613
-354
1685
830
-503
1289
-922
-326
2079
487
-731
5
54
225
-1774
1257
795
366
398
1760
141
79
-457
895
-252
889
1382
664
-1041
285
-330
-988
605
-573
-580
1387
-1123
623
637
1349
-1046
-537
514
969
981
315
913
1556
-591
272
1592
445
786
-1201
817
927
1248
-839
1717
73
-1408
599
224
1212
-1740
-396
1669
-828
283
569
1014
320
1828
-635
-1411
688
72
555
-580
1365
-197
862
380
331
-1389
1025
1332
981
1269
297
