7698
-2375
-30979
-3435
-32712
-18490
9361
-22336
20982
27920
6418
-21351
31356
-11597
-10552
-5322
17116
392
-7831
30538
29642
-14340
-27351
-22196
-4814
3426
-8888
11544
2028
-32144
22408
-4930
-32227
6195
23195
-21573
-23418
-27162
-22775
14253
-25985
14256
-21150
-15601
27738
-8980
-12778
9098
7889
-6176
14839
19121
20515
25152
7951
-4777
-22179
-16552
26335
-27556
14046
28840
20000
-17855
-9657
31480
-7373
19583
-20337
11958
-14751
-28487
-28087
25620
11854
-7233
-20394
-31611
-17974
-14241
16237
12230
-25007
-26115
-9631
26469
25085
-10571
23744
-9823
-28421
16364
20684
21920
25315
14713
-15895
-31725
12612
15900
-2332
16893
28691
31544
-26359
-20454
2254
18816
3401
-13393
3204
9429
-21280
23644
7793
29149
29172
22587
2472
-4082
15962
-5085
13441
-25105
30993
-16660
-8844
-30802
13690
-1764
6500
7590
-22457
-6580
19925
18658
-17636
28972
-16788
32085
-6568
-6762
-14415
28928
13736
21097
-9329
10432
25996
15409
-19246
2110
11704
10734
16488
-4466
-26729
-32330
-23058
-4970
-18394
21996
30940
19661
22950
-14679
6791
-30064
-10309
20985
-20700
-6101
-18545
3371
-23418
4159
11699
-5798
7219
-11819
-14739
-4977
11231
16468
-19885
-16723
2759
-18160
1198
-31194
-7811
-12111
8647
31158
-12889
-8035
-15062
-18686
-21614
-16391
7658
-5666
28956
28451
-25247
-320
14456
7699
20584
-7095
-25332
29094
1562
27307
2358
-13310
15429
-21660
26570
14197
27583
28842
-60
-231
-2683
25872
-31317
19951
16832
27834
17943
3201
-30601
-28552
-30601
7841
30464
-30631
19185
-11060
26612
27016
7406
-14841
15929
587
-17479
-31164
-848
-22110
-20764
27024
25203
31214
-29542
-26356
-21321
-4882
31903
-12094
26580
-2946
-24782
30472
23077
-4354
26498
26628
1359
6760
-6273
-426
16379
-15435
-6295
31193
29544
18246
789
10439
10499
17104
21137
19869
1393
-24630
-8105
-29933
-11474
23435
-29006
-7284
1931
-31479
-4278
-9617
-631
661
11678
-31726
-13284
-32527
-20224
11683
-16270
4789
7376
2306
17545
-23110
-19788
-21840
23784
14542
30109
12647
-32282
-23740
30015
-31905
8454
20373
-28235
-16009
27093
-4776
18820
-18737
31770
-15818
-28188
-17012
13524
9246
2025
-2374
3841
10308
-1396
-551
-5437
-30280
22343
21838
-849
-22491
3842
25887
-27664
21778
20397
11776
-8491
17337
18261
-31751
3878
-7573
-19091
-5550
-27973
1994
7357
-31243
7729
-2880
4175
32233
-29818
-29864
-11697
-31109
-837
16615
26309
-16721
12736
22421
-12342
18868
18282
-15145
13348
-14864
12710
17113
-20834
-498
-15031
6083
16597
-25114
10903
12243
-13620
9123
28878
-16316
26789
-24408
7690
29940
-31554
-27903
-23814
-13543
-24499
358
-27280
-3600
22080
8592
-30962
14455
6918
6935
9591
28301
10456
-18328
-5411
25990
11881
3462
-27075
-8260
-7857
-12418
20663
13354
1125
-6500
-3936
2168
-30514
-28908
-2157
-1551
30138
-23620
-9224
32135
8006
-32041
-31501
1468
-15743
-14901
-13371
-15049
-21087
29067
26017
-9251
-7984
6691
4683
15731
17268
-21952
-32074
14854
-32323
-15774
27468
-2735
-30635
4016
6608
-12433
19657
23012
-1509
-25378
15919
-17113
19611
1476
9023
24556
-7988
32574
10856
-2691
5933
3756
-3789
-18419
11799
9048
-22274
16734
-20067
-23914
27139
-21535
20910
5550
-19207
-31534
7803
21187
-6609
14544
-21710
6308
15845
4927
1211
-19149
-6358
-28814
-2344
-21238
18216
25662
-28145
-31811
-15065
20169
-8874
29441
29122
-21623
-3514
14166
-27975
-12275
11945
26111
-21428
-3997
-497
-4303
16574
-24694
-3163
12915
7458
4131
-12657
-13601
11669
11738
-27975
45
-22239
15513
16966
10722
-9599
25875
-5301
-13421
-9280
22817
-9694
7735
-22109
-18415
12358
19665
5607
-4431
-17539
7917
-30789
-6191
-18219
24703
28218
19135
6295
-2598
12719
15408
-7872
18200
-8249
-29631
2865
32544
-2955
-30373
18482
10075
598
-20653
-4533
17635
-18739
-28792
26379
-8767
-23998
-31481
-24345
-29603
25312
26407
7874
31123
1952
1650
20491
21259
20766
14651
-2525
15126
-20785
-19836
1531
17098
-9779
7578
-6899
10803
-11421
-10755
-29424
8820
126
19115
4309
18595
-26826
6084
-8368
7249
10241
25931
-5172
15851
28555
17213
-21754
10017
-286
18034
28183
5628
24156
-13890
2149
-14845
13174
-802
27028
-29251
-32455
-11989
-4135
21972
12596
30841
-9509
5620
21368
-4987
5708
28121
7495
17418
-19054
-23817
21502
-6614
-1014
5008
-4384
14217
26861
-8394
14229
-30670
13627
6759
21526
32716
-18874
-29974
30854
-20585
-19751
8765
-2999
-12253
12774
541
9774
19413
26210
-28816
3800
-21254
26476
-4788
10012
16064
-14899
13520
5498
-5593
26131
32005
7218
-309
16782
-11612
-606
25853
16043
-22575
8234
-17920
-11028
-25884
744
-25967
-13906
5423
18504
-14928
24896
19064
-25276
10563
-13798
-24979
3021
13429
-6678
9162
3101
11246
-9827
-19402
23196
1041
23929
9002
-2388
6446
21596
22401
30706
3028
-4266
13771
10613
-22307
26771
3543
18296
22878
-12322
7109
-13168
13316
28656
-10533
32392
545
-3511
21577
-13094
14445
-28694
18879
19374
17070
3492
-10337
-30003
-7720
26264
10575
-20126
32270
16855
18300
15472
22559
-13834
7014
-5273
15371
6580
-3524
-24470
30648
19522
-17923
-25491
20312
-24240
-28767
-4448
-7834
3919
17749
15787
4841
26551
-32730
4675
-20610
13053
-24864
-13485
15194
-1513
26119
10645
-16334
-9820
-23458
-28729
25645
14698
-10723
19016
2230
12409
-27172
22204
-24335
3991
31924
-32483
-3412
4457
9273
-27148
27022
-528
25410
-12043
29692
-24321
-18984
21199
-9589
17475
8382
-7327
101
18525
-3144
15398
-1723
-28505
-23489
-14771
-11380
-3871
-17114
-24416
25933
-11755
-23883
10074
-1875
29815
19038
-24140
-18023
1241
24351
9003
10215
22826
-30788
12063
-842
26617
8469
-25898
-7585
-14368
23503
-12578
16629
1511
3114
-5718
8973
-23979
-30576
30379
-15305
-24619
15090
-10124
-29839
20377
31744
16004
12716
-10357
22683
7025
16205
-22312
-32647
9066
836
-6368
-20318
-2054
-20767
17443
-27315
-6653
13272
-22023
21584
-24614
-18541
-5601
6303
26253
28559
-13408
-10908
3489
15597
-17040
-11774
7935
17365
-15120
17336
-24941
-9666
-9652
17745
-31840
26669
3473
-13438
-30158
25986
-13867
14146
24053
26511
9520
-20978
-236
-20219
32575
-1245
28967
31851
-32765
3720
31038
-1358
19241
-14965
148
-29496
-22152
-15770
6277
-32687
1276
-13237
-7241
22427
-18611
-14916
-20064
-698
-29435
-7453
11035
5968
14094
-30701
-18843
-5453
-6849
16982
24380
-19089
7226
-6071
-32448
-2589
4848
-2289
-22965
-7421
31981
30052
-12778
-6585
4932
8974
6241
3442
-9057
-23726
-7888
-5373
26972
9131
2974
20712
-21065
-21618
-23520
-12908
1496
-12410
26683
-24450
-11763
-14998
29322
-22979
-14516
8458
-899
-21821
564
-26426
-10086
4282
31419
21333
-13759
-18938
32217
2479
-10943
10522
-20366
-26200
7594
6694
16994
10149
28793
-1965
6273
-31950
21662
-28302
27137
-20378
29140
27850
-295
-10913
28025
3859
-29275
-9866
-4431
20027
25450
-9594
-16025
-15731
-8786
23700
-29510
20944
-27931
-28561
25615
-24800
11405
-25376
1400
24040
8369
-2935
-18569
-20641
19064
10354
4788
20043
-24649
-1418
-18418
26602
23904
27486
27113
12514
-22044
13457
13344
1251
14187
10206
27076
-28273
-16600
-10665
-22770
-14438
-11066
-20806
6484
-12730
-25860
-8641
13620
4560
18395
-32638
6010
25825
18348
7700
-739
-12341
2803
-3801
26170
20879
-16904
-17897
-9675
26680
2058
28657
11346
25549
6087
9100
-22528
-793
-20908
-26800
21534
15462
11813
-31535
31960
-23731
-19774
-12612
26537
-30419
30626
-16258
-865
-24829
21345
12956
-1137
2681
30185
-18703
26951
-8562
12978
16430
30833
-21360
30795
20519
-20555
5949
22718
27371
-3044
6687
-18439
21096
-16374
-31687
-10
20613
-27957
29234
24823
-20615
-30504
-1112
-27859
3183
-16587
-3928
-25305
-11673
29378
9878
-29110
-321
-398
-538
-22954
-1415
-22110
16962
25853
-16731
6145
11459
1080
29190
-7405
29915
9553
-25929
-30642
-32659
7223
-4965
10392
9471
1275
-30114
8934
-15544
-2842
28505
1318
22177
-25911
5542
-16899
8385
31689
5499
18914
31912
32374
-25268
519
4126
-2490
18739
20361
7200
-8914
-11808
-6240
4827
-24237
19840
-20341
25172
-26135
12845
29862
-19476
28023
-3387
28486
-21535
-9570
7520
8973
-25914
-5366
-9016
15062
-17045
-15381
15063
-28576
-30691
-7337
17544
-32641
-24932
-10322
5869
4052
16981
-2340
-28957
13134
1843
15442
-25539
10393
-9940
25758
12590
4546
-21633
24925
-22192
-2033
-29120
-32572
-8917
1547
-11061
-7103
-19593
28210
-15759
-6486
-337
26513
17589
-15097
18920
-29570
32688
15718
-12101
-21919
898
24540
23255
15469
-12494
-7268
28825
-30672
-1972
11965
2478
-22028
-9623
-29276
7956
4618
-19173
-13512
-30242
-28259
18338
-28762
29731
4010
18571
12083
24367
-2935
30292
-7665
-11730
12471
5336
-29168
-2491
538
13304
5687
31805
-21641
19027
-29250
-8363
14690
17628
-21548
-29353
16698
-8943
15182
8295
15445
-10505
-30696
6283
-14206
-24131
9543
13589
-3125
4467
13126
-28820
-8549
-14351
28832
2533
14305
20043
17904
10652
-1903
-5095
-31378
-2812
-9156
1149
470
4338
-16974
16621
13450
32534
-17813
-10722
-11028
-19459
7033
-4566
-32218
-10657
21604
-22511
-5695
-15161
24950
26311
25360
-822
1602
-6567
27946
-14423
-2087
21503
-7648
-22087
21929
29544
-18145
17061
-5481
-19805
8271
21402
-6103
30521
-16590
-13297
-22856
-6617
-268
-23346
25934
-12711
18570
-14203
7203
-12383
218
-21759
-18863
25094
4044
19648
7026
-25400
9561
11195
10012
-21954
-15871
7148
-14847
-5506
21263
24374
9380
-11192
-25066
-2264
-26748
2471
-2462
23292
27817
-10824
23691
25862
22790
-14514
-8947
-31798
25752
22576
27109
-14357
-32613
-6258
30049
5355
-26892
11137
-28345
-13699
-5220
8936
-4658
-9908
-1905
-1688
-31407
-2086
-2450
-14827
-30622
-14860
-21538
-19036
-13123
-7117
30005
-13837
-7958
5181
-8357
6895
-10486
21392
21307
25871
23830
21411
-12639
-21313
14387
-19944
3686
-11186
27038
3291
31530
-11892
24940
21081
-12096
20302
-17062
18748
-31748
-31794
-26569
27427
-6015
7368
26720
-5434
16645
21574
21010
12076
10186
-29171
-32401
-20363
7638
12219
23451
-32764
-31540
-11628
12856
-6019
-8518
27846
1814
-14301
30403
-20745
-13792
10722
-6529
25817
31674
-11139
-13296
-19967
26782
27255
16679
4781
-12588
23356
-7083
11133
4676
-19788
20425
2302
31396
19007
9073
26197
-32644
-12136
-28871
6922
27673
-7325
21748
-25351
20989
20004
-18817
-25949
24269
24936
31927
3705
14287
5874
-16479
19372
11783
-10142
17325
-18626
-21476
-31185
5215
-22997
5800
31485
27535
-13870
-30934
-8481
25198
-28596
6464
2405
14044
24153
-2520
-10372
-8433
31234
23418
-8768
-30098
-13500
1189
-28185
11762
28359
6857
-5237
14876
-10820
28301
18568
4392
31646
11700
8641
18742
20551
9598
16719
-22514
16863
21983
-4569
29009
23268
-19733
28504
-31838
-25957
20632
23196
6924
-12379
15685
20370
-19900
-8748
14043
-26206
16798
9912
25455
30162
-17451
-16364
18450
-23373
7379
-18404
-11681
9684
-14898
18022
2137
25847
6709
-29489
31909
-2535
-1798
-28023
30453
-8665
6792
23034
-17966
14708
-24456
-2795
10286
6893
-1759
-25810
-12436
-17165
17789
-5470
-5145
22723
-30786
1402
4081
15363
-29972
18117
28418
-20089
-6188
-9636
30400
20841
24971
734
30153
-9514
8575
28391
-26442
-6317
-8786
-2584
-3329
-10120
-381
-13406
29738
8076
-11933
-1644
20026
-19190
17278
-18939
-29355
6510
931
2836
-20321
-30105
7073
-6994
15499
27868
3340
32324
-15099
-81
2644
3924
-24060
22664
-2981
-27137
28523
12932
-30107
-26101
21113
31121
-23254
28670
14867
11306
-15186
12137
21802
5959
-15750
-9763
9202
-11310
-18971
3649
-29511
-31589
9806
15807
-28717
-21245
15489
-18310
-26297
29705
514
17762
5601
-28532
7309
24986
18019
21357
29686
14370
22591
-29364
-25507
-916
-11948
12184
10199
6575
15383
12012
5347
-5635
28490
-12205
19450
-13839
26897
-10643
-11229
23760
13846
1120
25617
-24480
9812
-11897
-30200
17701
-8856
7198
-4436
-25028
32339
778
5896
-16970
471
25058
17683
2147
-26121
2086
-7239
-15751
-28325
26389
19378
-32680
5061
-26281
6580
18122
8576
-19453
24293
-31370
-13964
-292
-27722
16826
-28016
22721
-1905
8552
-4146
14093
-29242
-18368
10215
32085
-25196
26497
-18385
-30805
-11005
22575
7008
-16016
6282
-23185
-16056
31698
-25000
15831
24549
15397
-19817
-12809
1272
18914
-11069
25816
5599
-14405
14857
21863
13163
2171
-1711
27158
-11621
6516
10066
15417
-5385
23293
-10339
-10185
8897
-32169
13687
-6082
24532
11458
31617
-18151
-32245
25534
31658
5977
-6506
23411
-16180
-27697
8446
27660
-12434
-30547
17410
18386
9024
-31913
18070
28607
11850
-30560
-5207
167
31868
-6827
-28647
26058
-10045
-12223
-2930
-23981
15043
-28029
-23739
25195
18035
-766
-10836
-7888
4009
-23291
7612
28625
-26585
-20376
-1326
-26437
5518
-32594
-10264
7314
-6640
-21906
-29244
-2809
-9797
29859
-1204
-10076
19470
6048
-1249
31875
2219
-30789
-4709
-29146
25532
30994
-32338
-25280
10531
32513
14198
-7860
-12805
11289
-14636
-8165
-7782
16754
-18150
-1693
-17504
-13854
22957
24163
18902
6504
28787
-10276
17942
24891
25349
-11071
16580
32451
-8403
-24341
14317
-13532
-28233
-32654
9192
-18155
-4781
-30330
29759
17768
-28016
-3969
12926
-26669
-16904
-3158
18039
-14693
-14296
-21168
-14883
21276
-13677
-5325
6685
-9531
2229
-16616
-4834
-1162
-22081
-17884
-14170
-14926
20995
-69
-6048
27725
-3861
28060
27049
-10117
310
-64
12891
7980
11095
26622
-1751
-6676
3477
4518
-7045
30709
20451
-4997
16519
-12121
8972
-1480
14303
3442
-13656
-6397
-26314
-3871
6391
22309
8178
32651
26680
15211
16102
19778
-5491
19390
-9180
-14522
29268
-5859
10045
-10324
851
-17458
-26846
22097
-3398
3260
2686
-16661
19787
-26703
27536
16991
662
15817
14630
30403
-16038
-17833
-6937
-16790
16253
19037
-17238
-14584
32115
-16457
-19995
-8321
-19554
-6553
26453
-15783
12927
3085
-15207
19646
-6040
-13218
-29167
-28006
-4006
18914
-21340
7180
21301
-28934
-24065
-14661
28630
27840
-22052
582
20493
-7884
-21838
-29142
-10588
-29697
16966
-9686
12735
-18673
10380
-24163
-8879
-31740
15886
-24454
28925
4862
-8740
27745
22955
8452
11625
-26281
-20718
23872
-17394
22537
23791
-18078
-123
4178
-19017
5942
-24583
29333
-28421
-20324
11046
-15864
22226
-25857
13972
-15483
-3121
-7040
-24508
21379
-27644
10703
-4517
-23528
25350
-6517
28906
27327
-7632
-11786
-10998
-44
11247
28273
-20527
8312
-17414
17146
503
-30330
-16363
-30896
25142
-11033
19716
31566
-5722
-18949
7346
28825
-18616
-19263
-1577
-15768
5279
8783
17448
-15263
8162
28296
-2174
-11624
1990
-10393
-24719
-25291
-14160
-25201
-9241
32260
17459
7872
-19601
13335
-19908
31417
10299
3689
18573
-21616
-17035
-5973
-1716
-6758
18396
15628
-1615
860
20826
30731
-2731
9187
25251
-452
-24659
-3919
-27855
-16219
31444
26052
18943
9226
-5463
-246
-26748
23615
26930
-18089
-13113
-28799
-15238
-25699
-28608
25859
-29137
-10618
22863
-994
27763
24450
-23480
-6072
652
23682
3080
-26900
-1721
14070
-27950
-31911
8279
7248
-16556
3427
-3712
-18995
-6053
12349
-7619
23968
29004
-21485
-7384
-23977
-26013
-16920
18016
5870
29087
3103
-2884
31265
980
27689
-25233
32589
-17498
25215
11557
19187
9967
11919
29845
15175
-10161
-1934
31954
14636
-14018
-10605
-26860
-23185
-30770
27464
-2896
3487
7489
4668
-7369
-22393
30162
19340
29400
-22248
-3421
-10509
5442
-16314
-9559
-29572
30317
-20493
7202
-3319
-19529
-18285
2472
-2013
-13634
-27893
-27826
-28848
-20260
-6884
14152
-18475
-29008
11135
18837
3742
-31198
-15395
12656
-8292
-13503
2459
1348
18960
1265
15581
-3441
31082
13827
-25652
-28503
-31922
15433
-9810
-16706
21269
-6960
15513
24644
-14554
9784
-15111
10258
426
20631
-15333
-19350
-3734
30060
5511
1728
-14572
26913
27751
-8619
-31002
8616
-6416
30453
28883
-25491
3172
-23117
27445
-28330
-15250
-25916
19292
20015
-12188
5245
-19257
-17805
-724
16469
-3684
-22871
-31586
1997
4625
-30932
17923
-10003
22002
6015
-16953
12123
-4919
155
23688
-21664
-21106
-30344
-1022
-9864
1771
1064
31089
-1717
-26034
-17379
23459
27245
-11085
23347
22540
27381
21683
21773
4021
949
-17196
-11723
15573
-9141
13274
12592
3181
13937
-21572
-31549
-7228
-22380
5965
649
-6538
-20579
-17440
-32210
-18247
-8496
-10720
9817
19779
-27542
-6905
-815
7977
30766
-15614
-6505
-7654
6704
24424
11784
-30173
-14798
7989
8579
6072
-23553
-11947
-6615
32009
19339
4308
18780
18623
-27571
20437
-24094
1222
9871
-31593
17516
9300
-3362
-1235
1154
-18537
18729
-2226
-13320
-13216
-21305
25340
-23316
7986
24805
-2090
556
-12558
2760
-32500
1972
-7356
-20228
-28354
15417
-2810
8688
30733
-7568
13242
19279
32754
-3908
17475
-1226
7019
15915
5757
-26105
25900
16340
-8854
-16965
7709
-35
26213
27279
-27120
-6920
-31245
0
3155
3958
25828
-27572
20994
-22222
-30965
1750
10679
19613
28414
-25402
13148
-2743
21739
30625
-25202
-21475
-5052
-11221
5228
16828
10023
29418
-28596
27480
26235
20955
9944
13527
-4530
13736
10661
-14748
10843
23095
11914
-19181
-30610
5616
13082
-2794
4660
-5711
-9363
-26998
-26741
32071
14947
-366
-18602
18278
13172
-22689
-1746
-349
21388
-16996
20106
-14729
-8875
-29237
-1689
-18660
-22534
-24541
19845
5106
14689
24236
31254
11029
20698
25647
23497
-5162
17533
28263
7474
-15340
-14710
11085
2542
27315
-11940
24167
15277
-8923
23201
-19586
-10480
14218
-6252
-22106
26494
24980
-2231
-24061
-10726
27476
-19735
-27061
32582
-13225
-19003
26212
-10114
8575
-3922
6706
23234
21218
-23853
-32172
28987
6375
14752
4029
-18589
-1756
26030
-28556
-27995
-25020
-6272
-10735
29928
1628
21974
-28038
-9655
8686
6358
25440
-24232
11343
24740
987
-28981
-4088
-9700
-29074
13798
25441
20592
-25045
23295
-14282
17560
-5057
-30505
-3542
22199
-32310
31901
31400
-24376
-15273
11596
25288
-14109
-21120
8062
-11247
-21195
26507
-30523
-1042
-20513
27237
-1098
25796
-2570
-1936
10239
-32494
-4352
19007
4052
-18039
-10681
13304
-27519
30510
12683
6895
18953
17270
7949
4538
9178
-4426
-24247
-11186
-25957
551
28932
-28984
-24652
29864
25404
-30691
20746
-1900
-31163
17476
6786
-29874
-6400
3962
15224
6318
-8670
26433
1898
11243
4945
21281
31558
18040
-533
-5871
16198
-8028
-15984
-14688
22380
28466
-5116
15396
6868
23986
-20753
1355
-10458
-20289
9650
19267
-24856
6542
-15755
19335
-3339
14404
-25176
-3285
-26510
-2883
6253
32488
-18429
10740
-31576
18805
28142
21226
-18644
-4227
11226
19512
-12462
-2876
21485
-16581
-6241
-2178
-17561
22794
29224
16936
26673
-3629
27685
21574
-31771
-22793
17707
5755
-28277
-30469
-6373
2173
19318
30604
30538
-118
24861
-11532
20248
9840
28831
-22779
-21697
-19260
30686
-765
21824
-3482
18767
11093
-1087
-7841
10719
3627
538
22543
-10475
13526
-5295
7217
-17361
217
16931
3611
1019
22544
15886
-30326
1231
-31698
492
-14498
20822
-32083
-30002
16459
14171
7197
6713
9832
10500
14405
22006
13347
-23398
28993
-17757
-19616
25925
-21332
4568
29520
-27059
-1696
-5189
11056
-12250
-24320
28718
-1484
18133
14880
9845
16163
-11464
27657
6488
15496
-26198
-2238
-9631
25443
27880
-29536
28179
-16789
30405
-14389
28752
-27962
-9213
13498
-8928
16593
24801
13976
22831
-19595
-31298
24793
-5924
11629
27117
-18996
-22418
3544
-31882
-8964
-1500
12568
11868
25855
-25583
-23488
-21792
8614
-5070
-29815
-22999
29884
-3460
13456
18849
1644
17315
17590
-6224
-27642
31157
13943
-8474
27203
-7069
24859
1769
27520
-6697
-25744
-30925
-27911
15560
29780
32253
-8484
17478
10298
-26783
-26539
-14561
22433
-9378
-29809
30264
-25895
29969
-11701
23171
22354
7043
-31950
-9258
27388
-21882
-7242
21364
10045
-22637
1058
-26429
4415
10858
-17890
18222
-20075
16244
2873
29987
-21662
13009
27079
18322
-15995
22606
-23715
14414
-30940
14858
8195
19222
5204
-17614
31470
-6435
6878
-3390
-27877
25804
4271
24032
-27133
-14669
-12214
-119
30926
10376
17223
17889
7235
-31716
-16408
-28338
19507
3621
24434
-24294
-11987
26383
-9088
-11392
-11646
-28818
4946
1113
3818
-21350
-12721
-29807
-17960
-19926
20740
8565
13901
-2105
-31656
-13492
-30780
14059
21110
-29896
18684
-29505
-1757
12402
-24062
14860
31400
26912
-1234
-18992
17127
-6282
27776
-3241
28168
5033
-7263
6237
14528
18539
20209
24179
666
19025
-2673
-27897
-1722
30228
-17222
-30831
-9616
-16001
-29525
29812
-7274
7474
-31364
24060
9761
-7449
12948
9206
14970
28175
-11947
-11117
32241
18676
5983
-189
-3602
-23492
4659
-9344
-11287
-2552
23638
4446
939
29936
21080
28203
-18129
10126
-3803
-19828
-11132
23048
2281
3676
-9308
-27349
-18822
-13825
7156
2997
1728
-26280
32426
25111
-18582
-27547
-7922
30996
-18403
-19717
-3909
11704
-270
21299
-2192
-18373
-23941
-32392
31427
18403
-2477
13275
-16133
-19085
-28253
6578
-26150
5910
-31361
-9877
-13251
-16751
11426
-5887
-2465
-18693
2379
13028
14988
-6375
21147
-20594
9759
17253
-29255
13624
-15591
-11
-15980
-4016
4677
-28163
18445
10809
-12454
-20930
2269
-30631
-25404
-28519
-25894
-1038
-5118
-24157
13333
-32317
-21183
-17400
669
-19438
-8667
-17395
11152
3
24192
7293
-2232
28332
26039
-2230
15999
12639
9806
-29348
-17987
32130
21594
28076
-24617
8660
24402
-27999
14962
24874
2998
26459
-23229
-7246
30200
30298
4129
-20684
24738
18584
10313
30460
-17944
-12901
26061
-27334
458
15015
-18958
7749
5208
30317
-21762
24691
-30824
-31760
-19455
16265
15140
32140
-24253
-18885
20853
20056
-25959
-30807
-30405
-1774
-9400
-5140
-796
-21071
8404
1111
-4679
17805
-5495
-23307
28763
19799
2336
19882
-30228
-18984
27409
-10005
-22564
-5957
2746
-9603
-13136
12950
-5725
-21200
-31019
-14633
-7591
-27301
-677
24152
27565
-7488
-2904
8440
16376
-1193
10890
-13810
-5909
-16727
30085
22717
16416
20292
6124
-9070
-23230
-31977
21833
-17463
2120
11559
-23538
-22369
8831
-29561
-26655
-5045
13704
10549
-10542
-715
-22128
-6340
-21907
19062
-9299
-7501
-10961
-4078
-31462
-11670
17242
1228
16990
14791
-13790
21681
13111
-6583
18524
28648
6113
5408
-22913
-20367
3908
60
21297
-26556
26592
30094
18924
28889
18313
9372
-29327
-733
5491
2562
-15069
32502
7166
-11864
2265
-7421
30468
-22871
-1709
4478
8401
-23312
30064
-26864
22815
5468
15526
26018
-9474
-25068
25004
-7434
7319
-23521
11934
3715
-12580
18328
-24717
1016
-32095
-24041
-25268
-16309
22475
18792
-10749
-2114
16301
-22781
-4157
-29555
-27864
15630
18540
6106
29261
-11927
-17123
23449
2193
9193
5482
26526
-11762
2644
-11755
8375
-17732
30522
30971
25060
22658
5329
-18944
32640
581
21646
-32507
-1145
-1622
-24243
4051
10175
-9465
15048
-16328
-16555
-13482
29808
-9063
15940
1911
2291
-8148
-21142
-19884
-7397
12058
15458
-12798
-27955
21291
-15045
-17803
-29528
-12279
13662
-31740
10915
-9778
-21396
-20158
16249
-23333
28079
25308
26962
23547
19830
15662
12893
5166
27022
3325
16709
-420
-5830
1992
13443
-751
-6053
-25192
23315
4630
19664
-10908
-11116
29483
-9666
-19514
-29907
-24605
-11957
32314
25370
-4263
12239
-15488
-7420
-27019
-17171
5549
1549
2718
-17156
-7992
-31963
28491
-20490
-30422
5076
32735
-32697
30985
15572
14657
-7212
21850
5579
16734
29519
-13538
25979
20776
-1666
3431
17809
27439
-21086
19262
-16642
8762
-31364
-10543
14311
-30341
32472
32288
27925
10196
-28707
26825
-15826
19359
14644
16450
-20137
2704
-3123
14793
-10779
13775
19441
-41
-11552
-28863
-28334
-22322
-13740
-19795
-23865
-17593
-15235
28351
-30817
-24432
30974
-30452
-13393
-24066
-31409
2642
4043
32379
18243
-511
30394
32417
27719
-2909
-8471
1091
17831
13323
-21214
9603
-6614
-24446
-22112
-8366
-1718
-24757
14081
31939
20006
-855
-623
-2591
30473
30968
-13918
3737
-23330
-24441
2182
-21800
-4727
21555
-6131
-29153
318
-14200
-7987
-14565
-31415
-6288
14507
-28630
-19967
-18434
19910
-11548
28817
24798
25751
18449
8844
24543
-9029
27498
-2616
26358
9389
-30473
23237
21049
17804
-27526
-11673
30467
25422
2839
26465
16019
22203
-3726
10537
22592
22762
-9725
7380
-234
-27632
24760
-8494
-29690
-6425
18938
23190
-24045
-11311
-27392
20526
-7221
8921
-20742
-11482
-9341
-28741
-30032
283
-17718
23451
-25457
-15104
28083
23302
21895
4712
12394
-20928
19198
-12638
21897
-13215
18697
13413
-7375
-31942
-30406
-14097
-26885
-10640
2483
11658
-5820
-10024
9953
19704
5567
-31667
-15908
27268
27999
1237
-27017
-13147
-14907
-16957
28912
9977
-31972
-31589
18045
-24075
-24620
17598
-14046
21711
29239
-16930
-15346
29918
98
28751
12364
-24517
28297
27259
26998
1770
-31072
14325
32090
11400
8579
11658
8465
22479
4079
-988
-10679
11014
25880
31118
-30636
732
11403
12780
24428
5883
-9543
6345
-19300
-3127
9045
22984
-32544
-2204
29638
-9488
7974
-23296
14761
15259
-32370
5530
-5611
4413
-5201
2745
1008
19935
20689
-13634
24979
1552
19405
-15662
-25310
16020
-29157
-18604
-29849
14608
5606
-15763
26884
31693
-22617
5026
-20924
-29736
-18184
-3618
32491
-17298
-27333
29084
2434
7798
-24305
9086
-12006
-15252
8798
-32276
-4128
-4499
-7071
-13756
3617
-6121
18084
-15915
9129
24734
-17978
22203
-16291
2868
-334
-30164
24432
-20094
24244
-18241
9519
30818
-7975
-3320
-21773
-16871
8274
30040
11370
14394
-9520
30145
-22232
18448
19371
7409
97
-23869
-13316
16985
20601
-24063
28872
-14796
-12782
29741
4179
-21600
1722
-22292
-19911
-18343
24791
9812
16550
-32318
-4318
7521
-4379
-13983
-27779
-26797
3339
-16530
-29433
-32181
20743
23180
22900
26403
-27743
-22544
31045
-31351
18630
31230
-3244
-31545
-23071
18311
7903
-11175
-25443
29844
17359
-24675
8654
29484
26726
31992
-23486
-9822
-22058
-31679
-19482
4478
-15719
16125
-4537
16555
24905
8484
-18210
25143
-22492
-9180
-24840
-32020
-483
-3859
-22340
-5941
19882
10970
-28045
32017
26041
13455
-18198
31754
-25437
-10139
15492
13894
-12243
18129
-23278
18634
4251
27690
-3372
-4366
17668
8316
30277
-14559
-19894
2529
18938
-28477
2429
1592
28631
-8023
-26568
7657
-11234
7081
-5565
16225
-7716
17626
26866
-23930
-15998
-2599
-14858
24926
-12371
16256
12613
14762
30671
-30558
20042
-6996
-19122
18094
-26621
-897
-21463
27940
11435
-13712
22810
24301
1348
29043
-23069
13552
18489
26991
-18371
-4036
-26226
31905
-28557
-32463
-7443
23980
26840
23520
24152
27109
-31339
-30702
294
26509
14455
-2587
-16498
-27844
31932
1202
10802
-15322
42
-18133
18946
15767
-6952
16579
-9539
-28593
-1842
18606
-23774
3130
-23113
-18505
12006
-12260
-20799
-8267
5253
31273
-15939
-17989
27866
27240
16062
-15316
-16593
-4713
-20580
-21447
-14400
24263
-9245
6345
-5986
4810
-31460
-29874
21062
9162
26169
29574
-21020
-32389
-20741
-2548
-27745
-30937
-11560
-7514
-27452
31552
29706
26056
15406
18873
7451
27575
18377
-4497
-26334
991
-649
-1905
8647
-4862
3791
-21628
1118
-9798
27233
25119
-20156
31186
-1937
-24292
18240
-28422
14339
-28056
-24348
-29201
-22095
-26467
5208
-18042
7840
-7680
437
26693
20687
28262
-653
-10189
-26201
15695
4348
11498
32049
-6708
-27142
-27993
-17347
-11454
-30802
2916
2436
25489
-32654
17684
7452
-15071
-29984
-12850
8261
22470
10583
15446
7517
-1318
17390
-16826
5754
30889
9414
-18858
-48
23176
-4601
-11819
13696
6860
-2929
6015
6273
-26904
-9452
5248
-26713
988
-6584
-25720
-12964
6097
8371
-29251
-4067
28315
4399
12787
-8483
12624
5076
-31601
6662
-31179
11512
-27800
-15828
-10023
-4063
-17040
-2786
-23855
-14163
16195
-27966
13229
15412
-4660
6929
30654
-21065
-763
23439
-14907
24763
1283
15679
-21021
13090
13165
-7837
-20929
30086
16594
-18991
-15889
-4664
-19498
9067
27374
32762
28336
17282
10509
21177
-16265
-9783
6085
32693
16932
-26850
-7909
7280
25640
-13969
6466
-9027
8529
29829
26194
11349
-5241
31483
-28389
-15265
-19434
-16666
22154
-19780
-3350
4393
18341
31470
2451
-30253
23894
-26617
30979
15072
-17635
-12853
11674
-14710
24099
6546
4727
-30442
-2445
-2915
-16782
14050
-31649
-29190
12439
-9716
2556
-16986
21881
-1326
18377
1600
-27449
-31466
21510
20965
623
6546
10666
-2106
3593
-26419
-11075
-13953
31074
-9326
19206
29705
-2297
26996
-13644
24698
5661
-17964
-28854
26378
-7824
-30195
-16142
3688
25914
27450
-16980
1295
-26261
6550
13173
-589
1920
-12909
-27727
-7511
-14144
-24694
-4486
-20144
21134
19745
17939
11107
-27504
-17337
28734
-6829
-31651
3017
22564
21889
225
10182
-28630
3420
13716
23339
1184
-20708
-14788
20383
8084
-30504
26572
26518
26674
4961
-23147
32716
32271
22345
-13074
-29442
-27260
14150
-20780
2570
27879
-17447
27909
-9257
-6324
-27824
16008
-24551
1443
4212
1460
-30781
16799
-21568
31846
-2453
-30218
-4747
7460
-23785
32158
14748
29132
3381
6632
-6274
-1246
21840
-12637
-31525
-29552
19294
28288
26524
1427
13213
22705
-31452
-11743
22015
13841
-1981
-26068
23803
-8233
24593
-31426
28692
-30785
-12517
9447
329
-9258
23470
12826
26560
21129
-22833
8417
-18891
10553
-5165
-13889
12171
26633
-12940
-6341
-1703
-21540
-16123
11927
3837
-24616
-17800
7132
18309
26100
29123
646
-19872
2688
-29784
18600
-19327
-28872
-8061
3545
15411
19983
-22378
-11628
-26248
-30477
13116
-256
-32399
-9879
-4535
16648
20083
-31796
-20658
17664
18927
501
3423
10594
-19995
-8151
-11947
7674
9949
-20390
5802
22267
23481
32546
-6720
2824
-8214
-8663
-11626
27957
-31711
32037
-27144
10386
17165
30059
24371
10468
9968
291
30145
-29531
25244
17501
-15916
28913
21523
8105
32518
-32506
14478
2426
-30830
5998
24316
-27671
-21906
28605
24064
10368
2532
9913
26171
-25826
-25250
21954
-15004
-25391
-5717
-27443
-30468
-13221
-14229
21676
-25086
-27565
2601
30453
18516
-19194
-46
-1643
26085
-22628
26226
-13273
-31398
-29368
29317
-8787
-11594
-17769
-20767
-5938
3240
1192
-10008
-10870
-1148
28892
-18496
16133
24229
8690
1835
-19868
-7115
-31850
-31652
-375
-25677
-27360
-796
11112
-31871
-10329
-14541
6620
-23694
2100
-30446
4713
-9081
5505
23441
5236
-10374
6647
-1231
4673
-23093
-14713
10461
21268
26156
-9742
-10009
-11766
-22172
-18262
-22236
9501
28773
16720
-8090
-9997
-9700
11736
25972
-21389
26288
16926
22154
-7245
7487
-22831
-29012
6684
24931
24734
-2403
-13951
336
24110
9212
-23410
-27056
32667
-23814
-17513
9708
-15510
24903
10042
5051
-24639
23346
15242
8929
-6599
26010
-21300
-19625
25941
22282
5198
21294
-26959
-26114
-28716
-14428
23966
-20412
-19667
-30388
-21889
19578
-28700
-8324
-30728
28334
-16498
-19840
-16442
-5304
-32588
-4875
3834
32209
-11316
19446
-26299
-19017
-10600
30145
-2141
-26143
-16044
-18156
26871
-2417
17653
-18271
-2659
20482
8003
-22553
32451
5132
30077
18943
19522
-31960
602
-31331
32564
23068
15989
-29901
30513
26715
-28254
23833
23112
-21367
28401
8432
-31199
25705
20716
-26223
29666
-28980
-110
-29746
21885
-11534
24742
-19997
16455
2826
11751
-23111
-3694
12107
13149
3929
5846
11416
16765
22216
-16497
9635
-24402
14317
-2120
1482
23690
2830
2316
-5786
25136
131
882
14981
23580
9683
18130
-28412
-14771
-27431
180
28542
-14328
-6411
-19868
1811
6095
17652
-32169
5914
4333
-2653
7346
-27183
23432
11584
-27227
-703
-31419
24657
-31583
8
-20270
-3083
-24227
21598
-15366
14010
20077
-18848
14215
2632
27433
25407
25387
-1674
-29142
-3959
2466
-9999
-4449
-9658
10686
4794
-19652
-21005
-26873
-24684
-26662
-32118
24981
12412
-22914
-1768
9131
25517
13088
1238
-8137
3303
-15987
-30370
-2642
16825
-9681
-4845
953
-15985
17933
-20265
30261
-21302
18109
-29960
-25565
-15770
10063
-4170
1100
6808
10614
-27147
-13500
15220
-29629
2531
-30974
14677
27355
30565
-23009
-16455
-13040
-9190
-19461
-32517
-15138
12239
5105
8496
26134
14820
-19602
-19858
-26198
-18198
-182
8012
13186
21182
-16672
12506
-297
10321
13046
11099
-15406
32756
-21388
-27345
-11242
16996
-10717
-29161
-5521
21365
-15864
-30607
-14477
-16391
-22741
11631
23774
-8098
31033
31851
7261
-18724
-24125
11735
-21518
-6689
30554
-174
30044
-25926
1121
-21628
30564
30759
25322
4192
29523
-13644
19813
-29857
22420
-20414
15220
-25560
-16810
22115
1284
7784
-31845
-827
-4353
-32753
-9681
11033
-4737
32549
-18930
14946
-10306
19917
23552
6567
-11632
21732
-26372
4897
-9906
17087
-19754
8686
20782
-31872
-2742
-26341
-20806
9117
17342
14651
-6806
-13609
26573
-2157
13663
981
26757
-10554
-24555
16957
21764
