307
429
184
482
317
175
198
371
336
429
364
482
275
385
184
371
459
245
270
216
396
385
336
388
459
443
237
182
396
272
318
307
0
264
321
99
135
287
389
249
202
203
333
295
154
100
415
249
386
193
411
295
285
439
94
254
228
193
411
310
285
439
340
254
421
285
228
310
199
471
246
323
421
176
182
135
125
471
196
329
242
371
258
124
156
194
312
425
206
371
398
140
203
151
251
326
209
247
180
383
294
222
179
326
314
435
91
383
296
236
319
321
307
350
201
308
343
229
223
348
427
404
374
410
258
328
363
461
427
428
374
312
342
381
316
416
272
188
367
203
388
381
448
416
301
189
310
220
317
158
448
277
192
352
201
118
317
264
397
230
171
400
366
220
331
264
397
230
141
400
382
328
330
377
424
193
78
272
382
442
453
377
424
201
292
384
402
247
341
361
310
361
459
384
416
316
341
198
305
361
440
429
358
242
443
216
337
437
440
429
364
186
207
385
316
310
459
367
318
216
246
385
262
319
459
367
318
255
323
311
318
112
173
264
167
192
155
446
306
85
202
404
271
433
317
446
197
246
453
253
411
389
317
399
370
219
453
412
411
248
199
445
340
444
421
285
182
134
354
471
199
371
421
236
413
72
125
471
196
329
79
147
182
428
316
239
438
329
333
192
398
364
316
239
278
401
333
454
99
250
285
337
278
429
314
164
457
334
53
337
319
429
117
347
375
388
198
294
217
317
314
404
375
388
282
230
316
142
314
102
323
194
342
237
316
335
349
456
257
371
388
259
448
439
301
252
310
361
296
328
448
277
393
227
293
444
316
328
322
206
141
280
64
272
316
264
322
206
229
280
54
205
323
327
324
454
150
303
6
442
434
327
324
170
292
384
267
331
434
94
444
170
441
384
416
88
344
119
444
140
314
395
379
150
107
241
382
359
219
202
379
361
267
200
355
132
303
329
111
361
246
366
291
319
326
329
190
334
203
311
291
458
420
294
190
195
409
446
233
105
420
404
167
433
322
446
325
437
453
253
21
422
317
192
325
193
453
412
328
422
199
311
362
315
300
306
353
318
354
311
362
388
366
306
200
283
0
225
200
388
350
178
326
428
316
120
233
180
312
192
258
312
316
303
341
401
312
454
187
250
285
337
374
429
188
164
187
334
305
337
374
429
59
389
195
383
187
190
322
464
204
313
195
381
332
418
91
464
327
463
196
384
332
230
233
440
327
401
208
371
296
282
300
439
258
230
372
361
296
366
300
328
393
227
320
374
301
366
322
278
301
224
156
304
301
236
322
278
458
224
306
363
319
335
324
312
224
284
306
421
434
335
324
64
224
343
240
466
434
235
452
429
193
343
399
466
188
119
452
429
433
388
424
79
151
324
315
359
414
334
424
195
148
318
459
193
161
329
382
379
299
366
459
331
333
452
437
399
294
66
336
322
312
452
190
399
308
194
336
263
346
250
96
199
308
420
317
437
346
389
183
448
189
420
317
349
294
389
328
422
425
214
362
434
228
306
425
492
425
419
362
434
366
306
422
462
328
419
153
388
429
147
258
462
286
339
276
216
429
137
258
362
354
339
341
330
312
331
437
463
236
352
429
307
79
162
15
462
235
352
429
402
164
389
371
462
187
270
206
402
393
313
371
332
218
388
170
440
437
401
468
384
321
388
70
440
327
401
468
120
321
336
153
449
155
347
312
187
73
366
278
449
211
254
320
304
309
366
313
307
229
255
310
304
457
377
296
49
229
335
306
363
279
377
275
312
224
335
190
421
307
335
275
311
251
354
200
318
308
326
452
429
261
343
292
438
308
326
452
429
456
311
304
79
308
458
226
276
161
445
308
334
148
455
440
317
237
386
322
334
234
203
418
331
237
441
437
278
294
462
418
322
320
441
295
278
308
367
172
263
346
467
328
194
308
420
317
344
346
280
328
194
223
420
317
429
355
353
351
234
223
298
202
429
248
438
425
234
212
419
317
201
309
197
425
462
319
419
322
355
429
344
180
462
296
339
276
269
429
419
180
362
296
339
197
348
408
331
437
265
236
352
429
389
124
343
319
462
319
404
429
402
175
343
316
462
181
263
288
402
393
205
161
354
271
388
288
408
393
376
468
354
321
432
130
362
268
376
468
131
321
336
170
425
268
348
417
273
250
336
359
425
219
348
417
434
309
391
377
463
229
238
310
434
457
391
333
315
270
474
228
334
309
409
147
323
304
474
238
334
276
364
313
249
251
224
238
327
397
190
376
249
302
224
317
327
460
305
376
278
315
400
165
143
450
458
454
207
106
445
112
334
185
413
454
168
237
296
187
391
327
244
418
276
237
148
295
112
327
462
418
276
449
317
295
131
263
328
151
263
444
467
277
271
207
328
435
333
444
235
99
271
436
117
294
429
383
353
354
434
436
154
202
429
248
438
425
434
372
366
317
439
107
355
425
308
319
446
317
355
144
208
311
313
471
446
197
315
428
342
311
313
471
272
320
348
428
392
371
265
197
311
323
389
329
392
371
105
319
311
200
304
440
122
281
340
245
207
299
396
272
302
281
202
271
316
362
408
206
389
249
184
271
432
400
363
422
206
358
184
203
333
400
315
439
261
358
121
442
193
359
285
439
261
337
197
442
366
377
315
454
246
219
330
276
305
135
315
335
181
219
334
353
409
179
1
304
312
425
334
371
364
313
349
186
130
398
445
248
265
423
349
302
130
326
445
460
449
383
319
207
223
348
307
350
201
454
343
328
363
461
427
428
374
454
203
381
296
416
360
428
367
312
324
381
119
416
272
327
367
284
263
158
221
202
79
352
328
220
317
352
397
230
271
352
328
291
331
352
397
230
271
436
366
291
331
377
424
354
394
436
382
328
453
377
424
354
305
358
366
252
453
361
355
361
459
201
446
252
341
198
305
361
459
471
446
316
315
314
198
198
390
471
74
320
317
175
198
371
307
429
364
482
275
385
184
371
336
308
364
311
304
385
336
388
459
443
237
216
396
272
318
307
427
443
321
182
368
287
389
249
182
264
321
99
120
100
415
249
386
203
333
295
154
439
94
254
386
193
411
295
285
439
340
254
228
285
228
310
199
471
246
323
421
285
228
274
199
471
196
329
242
312
258
124
156
194
312
425
210
371
398
140
203
151
251
326
209
248
398
140
203
222
179
326
314
435
99
383
296
294
217
317
133
404
375
388
258
328
316
461
427
404
323
163
342
381
316
335
349
456
323
203
388
381
448
335
349
456
310
245
388
328
448
277
301
352
310
444
247
328
273
206
66
352
201
444
331
264
0
206
141
400
75
275
331
327
319
454
150
272
143
442
323
327
295
201
292
325
267
442
321
196
444
201
459
384
402
245
344
70
444
140
459
164
416
160
344
305
175
198
390
395
310
242
443
216
337
437
440
429
364
100
443
385
316
310
424
308
364
216
246
385
262
319
459
367
318
255
323
311
318
112
433
264
154
255
323
446
306
85
173
404
271
433
155
446
197
246
386
404
271
433
317
399
370
219
453
412
411
248
150
445
340
444
300
412
0
182
354
471
199
371
421
285
413
72
354
471
196
329
252
210
413
428
125
239
438
329
79
192
398
428
316
239
278
401
333
454
398
250
285
337
278
429
314
454
457
334
285
294
322
464
204
347
375
388
198
418
234
464
250
463
323
131
332
230
307
342
349
463
323
371
169
230
300
439
349
456
372
371
296
354
300
328
393
230
372
444
17
328
322
278
393
227
162
444
301
217
322
278
458
224
240
205
319
327
324
454
458
198
306
315
323
327
324
170
150
323
203
331
434
235
444
170
168
323
399
466
344
119
444
140
168
214
399
119
344
235
401
177
314
395
310
150
167
241
382
359
314
311
379
195
267
200
355
132
303
232
358
361
267
366
291
319
326
329
154
334
246
311
291
458
326
294
190
334
409
446
233
105
420
404
167
433
409
446
325
437
112
404
144
433
317
192
325
193
453
412
204
422
177
311
362
315
300
412
353
318
354
311
362
388
366
306
353
283
354
225
200
388
366
210
326
428
235
120
233
180
350
192
326
428
316
303
341
401
312
454
205
250
285
337
374
429
188
454
187
334
305
270
322
464
204
389
371
309
90
418
74
464
437
463
196
384
332
230
233
440
437
463
326
384
185
313
300
449
255
385
372
187
73
366
300
449
211
230
372
374
157
366
296
307
301
0
320
374
301
351
296
278
458
255
306
363
319
335
275
312
458
335
306
421
319
335
275
311
224
354
110
421
307
326
452
429
152
354
240
466
308
326
452
429
261
401
322
438
205
368
315
293
433
401
322
200
205
324
315
359
433
334
424
195
151
318
459
193
215
334
382
304
299
366
459
331
333
329
437
379
299
66
336
322
333
452
437
399
294
194
336
263
312
230
96
195
308
420
317
437
346
250
183
448
241
420
317
349
294
389
183
448
189
214
362
434
294
168
425
492
425
419
362
434
366
306
425
492
328
419
153
388
366
147
195
462
328
339
276
216
429
147
258
362
354
339
341
330
312
331
437
463
354
352
429
307
84
331
437
463
235
270
260
402
175
343
371
309
258
388
170
362
437
199
165
354
263
388
61
362
437
385
468
320
321
336
153
449
218
385
312
271
291
336
278
449
219
348
417
273
309
391
333
463
219
216
310
434
457
391
333
189
229
255
310
332
457
377
184
323
270
474
190
332
309
190
282
311
251
354
238
199
256
326
250
249
251
354
200
438
397
326
322
278
261
322
308
438
419
371
322
276
456
322
16
200
419
458
226
276
433
445
304
79
308
455
440
317
161
445
308
334
148
203
418
331
237
386
437
304
294
462
418
322
320
441
437
278
294
367
172
263
320
467
214
145
308
420
317
344
346
467
328
194
128
420
317
429
355
353
351
155
223
298
202
429
355
438
351
234
212
419
317
201
309
438
425
397
319
419
322
355
309
344
48
462
319
339
276
269
429
419
180
362
296
339
197
348
408
419
437
265
254
352
429
389
293
343
437
265
319
263
299
239
440
343
316
216
258
316
362
408
214
205
147
354
271
432
400
363
218
317
228
317
232
272
400
315
422
319
358
271
250
272
359
153
308
348
417
273
442
391
377
463
219
238
337
434
276
391
333
315
335
238
171
330
353
409
179
323
335
474
63
334
353
364
313
349
304
221
398
191
276
265
423
349
153
201
219
445
460
449
376
319
302
209
317
223
460
371
322
273
315
209
165
143
450
458
454
207
315
445
165
150
450
413
454
168
106
445
72
391
303
244
418
276
237
296
190
391
327
462
418
276
449
148
295
131
263
328
151
263
449
467
277
131
263
328
435
333
444
467
277
271
431
117
294
429
383
353
351
394
436
154
202
429
383
438
354
434
372
366
317
439
248
438
425
308
319
446
317
355
144
282
47
308
363
446
197
315
314
342
311
313
471
272
320
348
428
342
323
265
197
311
323
389
329
392
371
265
319
237
299
396
440
336
388
427
443
321
362
368
206
389
307
123
232
321
400
363
206
415
249
184
232
333
400
154
422
415
147
117
111
183
295
285
439
176
337
228
442
257
310
61
454
246
337
340
173
264
274
52
454
208
323
340
353
258
179
156
335
312
425
242
371
265
133
349
186
312
425
206
371
265
423
349
153
141
326
445
198
449
383
319
236
0
321
155
445
218
308
343
236
83
348
307
350
201
454
343
328
363
461
427
304
374
454
203
328
363
461
427
428
367
312
324
381
296
416
272
327
367
284
263
158
160
202
272
263
328
220
317
127
311
174
56
352
328
291
331
352
397
230
271
400
366
291
331
236
249
153
394
436
382
328
453
377
424
354
394
358
366
252
453
361
355
201
305
218
446
252
341
196
305
361
459
201
446
316
315
314
265
236
390
471
74
320
317
314
198
198
307
429
364
482
275
206
76
371
336
429
318
216
323
244
336
388
459
443
321
182
323
287
318
307
173
264
321
177
120
287
415
246
202
111
271
389
154
399
415
246
386
193
411
295
150
445
370
444
228
193
168
310
234
445
340
444
421
285
413
274
234
471
196
323
421
142
413
124
156
360
438
329
242
312
398
364
203
239
438
125
333
68
398
140
203
91
278
125
333
247
457
204
294
259
319
61
314
322
457
308
153
294
319
317
155
347
375
388
258
328
217
461
427
404
323
163
342
328
316
461
427
81
323
203
388
381
312
335
349
456
310
245
388
259
448
277
301
252
310
444
247
328
273
277
192
352
201
444
331
264
235
206
141
400
75
275
331
315
319
454
141
400
143
442
323
327
319
454
150
303
267
442
321
196
310
201
292
384
402
245
344
196
444
140
459
384
416
160
344
305
192
198
390
395
310
242
443
305
337
437
440
429
364
100
443
216
337
437
440
429
318
334
246
311
262
458
433
367
154
334
409
277
233
458
420
294
271
433
409
446
233
78
420
404
271
433
317
399
370
193
453
253
204
204
150
445
370
444
453
412
353
318
354
445
175
444
300
236
413
283
354
360
200
277
252
236
413
428
235
360
438
277
350
178
326
428
316
239
438
304
333
192
205
250
285
270
278
401
333
454
457
334
305
337
224
429
188
164
457
383
305
294
322
317
117
207
375
388
198
418
196
464
204
347
323
131
332
418
307
334
302
463
323
371
169
230
307
439
349
456
372
371
296
354
300
439
258
252
372
444
17
354
221
200
393
227
162
444
301
217
322
278
301
224
240
205
319
305
319
454
458
224
306
315
323
327
324
454
150
303
203
331
434
235
310
170
81
323
399
466
344
235
444
140
168
214
399
119
344
119
401
177
98
395
310
150
167
241
401
359
314
395
379
195
267
241
355
359
219
202
256
379
299
366
291
458
333
452
256
399
409
194
336
458
420
452
144
195
409
194
233
437
420
282
183
448
241
209
325
437
130
389
204
448
189
271
240
349
294
389
425
492
425
278
362
434
59
306
425
492
328
324
200
388
366
306
326
283
328
324
48
335
350
178
326
312
354
296
233
330
312
178
205
463
354
303
341
330
312
50
187
463
305
207
374
307
81
162
183
282
305
270
322
59
164
389
371
309
90
418
74
464
204
313
196
384
332
418
61
440
437
463
326
384
185
282
233
342
327
401
372
187
73
354
300
449
217
230
372
374
157
366
278
307
301
209
320
374
301
351
296
307
301
255
306
363
319
351
184
312
458
335
306
421
319
335
275
312
224
335
110
421
307
235
310
311
224
354
240
466
308
326
452
429
261
343
322
438
205
368
177
293
415
401
322
200
205
368
315
359
433
388
424
195
151
324
301
359
414
334
437
379
299
135
386
331
333
452
437
399
294
367
386
232
312
452
96
145
308
367
267
263
346
280
328
448
241
420
317
344
346
389
183
448
189
214
46
349
294
389
425
492
425
298
195
434
228
187
425
492
328
419
322
166
309
187
176
462
328
324
322
132
429
344
180
362
354
339
276
330
429
419
437
463
354
245
129
330
293
331
437
463
235
404
429
112
124
129
316
462
110
404
279
402
175
343
371
309
258
270
170
281
393
194
165
354
263
388
170
362
437
376
468
320
321
256
153
24
218
385
312
271
291
336
153
449
155
348
417
273
309
201
313
463
219
348
310
434
457
391
333
463
229
255
310
332
457
377
184
323
270
474
190
332
309
267
282
323
270
474
238
199
256
190
282
311
251
354
200
438
397
326
258
278
261
313
308
438
419
368
322
278
456
322
16
200
419
458
226
276
456
311
304
79
308
458
440
191
161
445
322
391
303
462
418
314
237
441
295
278
187
462
386
232
449
441
277
145
207
367
435
333
444
467
328
194
431
117
435
333
444
280
351
341
431
107
294
429
383
353
351
434
372
298
0
439
248
438
425
397
319
417
322
439
174
197
48
397
363
377
322
355
207
344
311
283
363
303
197
348
428
419
358
265
254
272
323
389
428
392
358
265
319
404
323
389
329
392
319
216
319
404
260
239
440
343
316
216
258
316
362
408
214
205
147
354
271
432
362
408
214
199
228
317
232
432
400
315
422
317
358
271
250
272
170
315
422
348
417
273
442
366
377
463
219
348
337
434
276
391
377
463
178
238
171
330
353
409
179
323
335
474
63
334
353
409
313
323
304
474
398
191
276
364
423
349
186
130
219
445
460
449
423
319
302
201
317
223
460
449
322
291
302
209
165
143
450
458
232
273
315
400
165
150
450
458
454
207
106
445
416
391
327
367
353
324
179
148
202
131
263
127
107
317
449
221
277
131
263
328
435
317
444
397
277
271
431
366
435
291
444
397
153
394
436
382
328
330
383
424
354
434
372
382
328
453
377
424
74
308
218
366
252
439
361
355
361
308
363
446
316
315
198
305
311
313
471
229
316
317
428
342
167
307
182
184
482
317
428
392
371
336
180
311
482
275
329
392
388
340
245
270
236
396
440
336
388
427
443
237
362
396
272
302
307
123
232
321
362
363
206
389
249
184
232
333
400
154
422
415
147
117
111
333
295
285
439
76
337
228
442
139
310
285
439
246
337
340
173
264
310
52
454
246
323
340
353
264
179
52
335
181
425
242
371
258
179
177
186
312
425
206
371
265
423
349
186
141
326
445
198
449
423
319
222
70
321
155
445
449
383
296
236
53
348
307
350
201
308
343
207
223
461
427
304
374
454
200
328
363
416
272
188
367
203
388
381
448
277
301
189
310
220
317
158
448
277
192
352
201
118
317
264
397
230
171
400
366
220
331
264
397
193
141
400
382
328
330
377
424
153
78
272
382
442
453
377
424
201
292
384
402
247
341
361
310
361
459
384
416
316
341
198
305
236
390
164
416
316
307
305
198
437
440
429
358
482
443
216
337
437
440
429
364
482
217
385
316
388
459
367
318
216
237
385
336
388
459
443
318
182
323
79
318
307
173
264
321
177
120
287
306
246
202
111
271
389
154
114
415
246
386
193
411
389
154
399
370
444
228
193
411
310
146
445
340
444
421
285
182
310
234
471
199
323
421
142
413
72
125
471
196
329
242
312
203
364
156
239
438
125
333
68
398
364
203
239
278
125
333
247
99
143
294
259
278
61
314
322
457
308
294
294
319
317
155
347
375
388
198
294
217
461
427
404
375
388
282
328
316
439
349
456
257
371
388
259
448
439
301
252
310
361
296
328
448
277
393
227
293
444
316
328
322
206
141
280
64
272
316
264
322
454
229
280
54
205
323
327
324
454
150
303
6
442
434
327
324
170
292
384
267
331
434
94
444
140
441
384
416
88
344
119
444
85
321
395
416
179
307
150
401
437
440
395
358
179
443
241
382
437
440
173
358
361
267
216
355
319
424
367
318
361
246
311
262
458
433
367
318
334
237
311
262
458
420
294
167
192
409
446
233
78
420
404
271
433
322
446
325
193
453
253
30
389
317
399
370
444
453
412
204
318
199
445
272
444
300
236
353
318
354
318
200
277
252
236
413
283
124
360
200
277
350
178
326
428
316
239
438
304
333
192
205
364
316
270
278
401
333
454
187
250
285
337
278
429
188
164
457
334
305
337
322
317
117
207
375
388
198
294
322
464
204
347
375
388
332
418
234
439
327
401
208
371
296
282
300
439
258
230
372
361
296
366
300
192
393
227
320
374
301
366
322
278
301
224
156
304
301
236
322
312
458
224
306
363
319
335
324
312
224
284
306
421
434
335
324
97
224
343
240
466
434
235
452
429
193
343
399
466
188
119
452
293
193
401
387
364
188
235
401
359
414
388
424
57
107
324
382
359
414
202
424
361
267
318
459
193
303
329
382
379
299
366
459
458
333
452
256
399
138
193
336
458
420
452
190
399
409
194
336
437
420
282
144
199
322
129
325
437
130
389
183
448
189
209
325
349
294
389
328
422
425
271
362
434
59
306
425
492
425
278
362
388
366
306
251
283
328
324
200
335
350
178
326
312
235
296
233
330
312
178
258
312
354
303
341
330
312
50
187
463
235
303
374
307
81
162
187
141
305
207
374
59
164
389
371
309
187
270
322
464
204
313
371
332
332
418
74
262
327
401
468
120
321
336
153
449
155
347
312
187
73
366
278
321
211
254
320
304
309
366
313
307
229
255
310
304
457
377
296
312
229
335
306
363
279
377
275
312
224
335
190
421
307
335
275
311
251
354
200
318
308
326
452
429
261
343
292
438
308
326
452
293
456
401
322
364
205
368
315
276
456
311
424
79
308
324
315
191
414
368
424
79
148
455
459
331
161
386
382
379
299
203
459
331
333
452
437
399
294
135
386
232
312
452
135
399
308
367
336
263
346
280
328
194
308
420
317
344
346
389
328
448
189
420
317
349
294
389
323
310
425
298
46
434
228
187
425
492
425
419
195
166
309
187
422
462
328
419
322
132
429
344
180
462
296
339
276
330
429
419
180
362
354
339
83
330
293
331
437
463
236
352
429
112
124
129
15
462
235
404
429
402
175
343
371
462
110
270
260
281
393
194
371
354
258
388
170
315
268
376
468
131
321
336
170
425
268
348
417
273
250
336
359
463
219
348
417
434
309
391
377
463
229
238
310
434
457
391
333
323
270
474
228
334
309
409
147
323
304
474
238
334
276
364
313
249
251
224
238
327
397
190
376
278
302
224
317
327
460
305
376
278
456
322
317
41
419
371
322
276
456
400
304
0
450
458
289
207
123
445
304
334
63
455
440
317
237
386
322
391
303
209
418
314
237
441
322
278
234
462
418
232
449
441
295
278
207
367
151
333
444
467
328
194
207
117
435
333
444
280
328
194
431
117
294
429
383
353
351
434
372
298
202
439
248
438
425
434
372
417
317
439
174
197
425
397
319
417
322
355
207
344
311
283
363
377
197
348
428
419
311
283
335
303
197
389
428
392
358
265
197
327
323
389
329
392
319
105
319
404
260
239
440
343
316
216
181
263
299
408
214
205
161
354
271
316
362
315
422
206
358
184
203
333
400
315
439
261
358
121
442
193
359
285
439
261
337
197
442
366
377
315
454
246
219
330
276
305
135
23
335
181
219
334
353
409
179
188
304
312
425
334
371
364
313
349
186
130
398
445
248
265
423
319
302
130
326
445
460
449
383
296
302
53
321
88
445
229
232
343
160
400
348
307
450
201
454
207
65
400
199
360
428
374
454
324
29
296
416
391
428
367
353
324
179
148
416
112
327
367
353
317
449
221
228
131
263
328
0
317
444
397
277
271
194
328
435
291
444
397
230
271
436
366
294
330
383
424
354
434
436
382
328
453
377
424
354
434
372
366
252
439
361
355
361
308
201
446
252
315
198
305
361
313
471
446
316
317
428
342
311
313
471
164
320
317
428
392
371
307
180
311
482
275
329
392
371
336
245
311
311
396
440
336
388
427
443
237
299
396
272
302
307
427
443
321
362
