-7391
2804
31163
3917
-32507
18665
-9163
22707
-20646
-27491
-6054
21833
-31081
11982
10736
5693
-16657
-147
8101
-30322
-29246
14725
27687
22584
5273
-2983
9125
-11362
-1632
32416
-22090
5237
32227
-5931
-22874
21672
23553
27449
23164
-14004
26187
-14053
21483
15896
-27584
9080
13193
-8849
-7503
6369
-14428
-18826
-20230
-24713
-7857
5031
22407
16745
-25924
27866
-13761
-28401
-19660
18109
10078
-31195
7601
-19273
20536
-11487
14997
28810
28508
-25444
-11672
7368
20519
32082
18170
14570
-15995
-11859
25265
26239
9787
-26275
-24773
10996
-23538
10194
28819
-16224
-20481
-21769
-25064
-14387
16104
31972
-12432
-15517
2626
-16671
-28512
-31218
26673
20889
-2163
-18433
-3105
13629
-2885
-9108
21587
-23294
-7592
-28841
-28829
-22358
-2249
4430
-15535
5489
-13067
25515
-30735
16988
9207
31263
-13263
2192
-6126
-7278
22799
6961
-19609
-18242
17908
-28784
17155
-31882
6956
7143
14863
-28512
-13435
-20908
9639
-10212
-25679
-15251
19694
-1833
-11512
-10382
-16287
4584
27046
32594
23455
5200
18565
-21596
-30574
-19441
-22619
14943
-6394
30294
10450
-20585
21082
6429
18875
-2994
23842
-3966
-11621
6070
-6837
12261
15192
5354
-10807
-16267
20177
17107
-2357
18407
-857
31555
8121
12472
-8188
-30774
13305
8351
15403
18884
21919
16752
-7218
6095
-28598
-28209
25690
536
-14119
-7262
-20144
7524
25696
-28908
-1355
-26922
-2042
13620
-14970
22027
-26252
-13981
-27337
-28457
322
550
3142
-25505
31635
-19696
-16509
-27523
-17625
-3089
30774
28816
30768
-7649
-30309
31077
-18879
11145
-26410
-26612
-7135
15274
-15612
-141
17676
31410
1301
22363
21175
-26635
-24886
-30815
29912
26575
21774
5294
-31492
12342
-26381
3391
25122
-30028
-22656
4639
-26316
-26494
-1005
-6289
6472
797
-15958
15671
6708
-31121
-29419
-17775
-593
-10110
-10420
-16957
-20955
-19441
-1077
24869
8543
30262
11807
-23243
29404
7648
-1615
31718
4556
10018
964
-207
-11579
31976
13569
-32672
20502
-11254
16584
-4625
-6919
-1972
-17492
23447
20107
22269
-23667
-14195
-29734
-12259
32480
24034
-29798
32222
-8140
-19969
28610
16397
-26811
5006
-18504
18879
-31456
15920
28511
17206
-13182
-9009
-1709
2709
-3492
-9852
1653
922
5825
30539
-21895
-21399
1150
22743
-3532
-25526
27960
-21450
-19949
-11499
8884
-17110
-17968
32195
-3562
7901
19413
5756
28114
-1714
-7293
31515
-7413
3144
-3853
-32027
30047
30144
11751
31314
1160
-16288
-25985
17175
-12586
-22118
12348
-18426
-17848
15472
-13024
15034
-12418
-16729
21101
829
15465
-5989
-16153
25284
-10462
-11859
14036
-9035
-28534
16435
-26345
24548
-7376
-29545
31933
28053
23921
13784
24881
1
27499
3802
-21701
-8231
31229
-14255
-6563
-6803
-9288
-27972
-10345
18689
5657
-25624
-11590
-3143
27401
8589
8047
12752
-20460
-13043
-834
6958
4356
-1874
30704
29103
2566
1997
-29905
23725
9644
-31731
-7839
32474
31823
-1022
16068
15338
13824
15302
21108
-28645
-25700
9443
8309
-6498
-4230
-15319
-16940
22374
32273
-14543
32685
16089
-27168
3041
30988
-3698
-6254
12744
-19295
-22624
1875
25684
-15719
17396
-19611
-1251
-8823
-24168
8338
-32396
-10530
3119
-5617
-3636
4022
18599
-11487
-8856
22532
-16422
20383
24217
-26798
21936
-20598
-5096
19394
31784
-7518
-20850
6983
-14115
21898
-6144
-15658
-4593
-906
19486
6732
29243
2403
21627
-18021
-25279
28332
32001
15387
-19705
9078
-29128
-28927
22004
3846
-13748
28066
12739
-11618
-25648
21624
4381
829
4533
-16341
25134
3490
-12514
-7250
-3760
12953
13883
-11369
-11299
28233
185
22611
-15152
-16670
-10356
9899
-25547
5694
13648
9600
-22443
9995
-7369
22431
18693
-12057
-19441
-5451
4735
17840
-7681
31111
6469
18677
-24479
-27912
-18772
-5976
2933
-12395
-15096
8096
-17916
8555
30052
-2431
-32209
3279
30437
-18258
-9732
-358
21119
4967
-17400
19191
29221
-26186
9110
24397
31947
24533
29722
-24860
-25978
-7441
-30735
-1528
-1571
-20340
-20935
-20451
-14292
2939
-14792
21209
20031
-1383
-16780
10238
-7385
7060
-10474
11803
11134
29723
-8454
333
-18784
-3976
-18143
27263
-5685
8662
-7183
-9905
-25609
5484
-15399
-28365
-16814
22062
-9823
622
-17771
-27837
-5378
-24060
14089
-1841
15265
-12857
1239
-26682
29640
32638
12437
4324
-21552
-12279
-30492
9803
-5231
-21040
5409
-5283
-27907
-7133
-16984
19282
24123
-21077
7106
1439
-4589
4746
-13783
-26495
8700
-13807
31132
-13299
-6340
-21373
-32328
19303
30121
-30596
21047
20037
-8426
3275
12469
-12345
-404
-9516
-19051
-25856
29155
-3459
21584
-26164
5119
-9575
-15601
15135
-13168
-5069
5900
-26052
-31843
-7203
771
-16547
11964
1035
-25451
-15879
22964
-7863
18382
11215
26154
-538
26369
14299
-5110
-18133
15260
-24678
-18676
25446
-10123
14235
25380
-2553
-13045
6999
-8774
-3031
-10806
10154
19803
-22728
-921
-23608
-8666
2541
-5997
-21441
-22054
-30394
-2841
4339
-13405
-10335
22756
-26560
-3289
-17976
-22574
12631
-6743
13481
-13009
-28427
10788
-32082
-241
3968
-21200
13390
-14396
28923
-18544
-19068
-16707
-3213
10714
30278
8032
-26040
-10240
20316
-31849
-16548
-17965
-15197
-22248
14085
-6660
5473
-15053
-6272
3850
24922
-30219
-19261
18266
25783
-19874
24548
29093
4900
8263
-3463
-17438
-15483
-4762
-26243
-32348
-4449
20886
-12892
25309
13793
-14860
1661
-25664
-10205
16651
10057
23844
29051
-25311
-14464
10926
-18598
-1899
-12172
27613
-21767
24613
-3697
-31462
-32635
3734
-4137
-8832
27443
-26744
836
-25043
12215
-29429
24667
19451
-20871
9783
-17167
-7962
7644
243
-18179
3424
-15070
1917
28728
23909
15088
11809
4226
17467
24767
-25699
11978
24181
-9872
2304
-29567
-18600
24565
18257
-1029
-23932
-8686
-10014
-22517
30985
-11638
1304
-26298
-8050
26220
7940
14797
-23159
12758
-16167
-1215
-2775
5994
-8704
24408
30995
-30199
15667
24915
-14751
10321
30187
-19969
-31413
-15567
-12451
10593
-22331
-6596
-15816
22436
-32546
-8747
-374
6687
20722
2483
21169
-17268
27658
6969
-12810
22204
-21321
24902
18943
5994
-6098
-26092
-28205
13679
11296
-3201
-15189
17433
12150
-7467
-17011
15441
-16904
25071
10028
9920
-17369
32308
-26538
-3152
13774
30328
-25561
14135
-13798
-23636
-26238
-9270
21314
595
20644
-32356
1593
-28550
-31417
-32462
-3329
-30661
1821
-19012
15203
162
29930
22609
16161
-5944
-32534
-1006
13711
7469
-22093
18920
15325
20211
1021
29739
7927
-10797
-5634
-13818
31065
19156
5702
7100
-16758
-24142
19416
-6829
6261
-32712
2838
-4546
2513
23282
7748
-31521
-29747
13154
6863
-4617
-8574
-6076
-3299
9507
24184
8342
5580
-26866
-8686
-2862
-20378
21250
22031
23974
13076
-1259
12706
-26496
24841
12090
15242
-28904
23255
14753
-8310
1194
21933
-237
26888
10504
-4006
-30970
-21016
14054
19069
-31954
-2151
11094
-10259
20810
26667
-7317
-6423
-16787
-9821
-28358
2298
-5829
32185
-21563
28573
-26701
20495
-28846
-27421
678
11266
-27671
-3425
29711
10020
4633
-19598
-25202
10032
16450
16165
9158
-23334
29827
-20505
28038
28916
-25190
25108
-11086
25822
-1083
-23685
-8225
3143
18880
20954
-18593
-9908
-4591
-19728
25077
1760
18729
-26289
-23433
-27214
-26793
-12166
22472
-13065
-12973
-986
-13990
-9895
-26753
28662
16929
11057
23141
14543
11385
21117
-6284
13034
26300
8763
-13339
-4220
-18150
-32691
-5711
-25429
-18076
-7398
1020
12543
-2532
4117
-25808
-20471
17110
18286
9924
-26496
-1787
-28225
-10946
-25186
-5665
-8894
22886
977
21111
27133
-21134
-15147
-11374
31796
-31602
23852
20216
12805
-26178
30704
-30187
16519
1202
25026
-20903
-12590
1514
-2366
-29731
18949
-26732
8892
-12702
-16125
-30698
21675
-30460
-20338
20774
-5615
-22365
-26962
3223
-6686
18743
-20784
16799
32021
381
-20249
28270
-28885
-24637
20745
30902
1557
28107
-2918
17010
4277
25607
11803
-29052
-9433
29570
770
781
857
23161
1638
22458
-16655
-25503
16932
-5691
-11116
-752
-28827
7866
-29488
-9125
26303
31096
-32674
-6842
5261
-9976
-9111
-847
30481
-8622
15868
3223
-28386
-902
-21905
26238
-5175
17183
-8122
-31531
-5278
-18712
-31833
-32022
25596
-299
-3809
2842
-18342
-20131
-6929
9266
12136
6531
-4496
24589
-19443
20571
-24901
26571
-12479
-29571
19807
-27646
3811
-28132
21929
10006
-7138
-8645
26367
5743
9440
-14708
17350
15739
-14697
28828
31144
7698
-17189
-32534
25391
10523
-5423
-3800
-16640
2538
29262
-12773
-1384
-14971
25985
-10077
10255
-25444
-12392
-4348
22023
-24454
22266
2353
29437
32747
9115
-1176
11368
7532
19957
-27728
16034
6871
521
-26142
-17253
15405
-18556
29881
-32384
-15333
12437
22307
-439
-24097
-23018
-15253
12890
7540
-28507
30979
2399
-11522
-2157
22210
9991
29563
-7567
-4369
19355
13776
30563
28358
-18218
28862
-29316
-3761
-18185
-11880
-24034
3230
-30138
8104
11824
-12217
-4950
29361
2902
-243
-13019
-5248
-31465
21895
-18799
29535
8591
-14380
-17429
22019
29599
-16375
9364
-14897
-8067
-15171
10704
31167
-6087
14535
24373
-9231
-13331
3249
-4311
-12932
29132
8974
14561
-28461
-2135
-14165
-19840
-17753
-10401
2229
5304
31626
3210
9296
-946
-248
-4159
17300
-16307
-13015
-32435
18196
11018
11322
19676
-6716
4699
32622
11032
-21216
22769
6023
15477
-24489
-25884
-24956
1145
-1439
6909
-27565
14739
2422
-21154
8104
22410
-21726
-29156
18526
-16613
5816
20154
-7815
-21092
6348
-30133
16918
13745
23133
6918
620
23656
-25490
12958
-18242
14476
-6997
12449
134
21960
19307
-24763
-3780
-19648
-6820
25541
-9161
-11120
-9737
22285
16198
-6829
15301
5656
-20991
-24231
-8938
11515
25393
2559
26949
-2179
2787
-23025
-27375
11145
-23495
-25418
-22589
14973
9331
32200
-25507
-22232
-27039
14801
32753
6717
-29885
-4939
27052
-10793
28650
13874
5418
-8546
5053
10218
2147
2131
31623
2423
2887
15267
31051
15224
21638
19479
13508
7433
-29695
14261
8266
-4817
8573
-6649
10871
-21130
-20988
-25412
-23463
-21093
12894
21636
-14076
20262
-3574
11619
-26774
-3137
-31275
12215
-24494
-20775
12181
-20129
17466
-18477
32181
31949
27015
-27230
6261
-6982
-26316
5705
-16212
-21257
-20611
-11706
-9967
29624
-32723
20774
-7390
-12069
-23006
-32432
31984
11928
-12444
6019
8700
-27492
-1343
14500
-30032
21166
14077
-10309
6601
-25463
-31203
11335
13625
20219
-26572
-26842
-16251
-4656
12827
-22918
7412
-11054
-4484
20186
-19997
-1986
-31157
-18729
-8672
-25864
-32438
12534
29121
-6637
-27336
7603
-21319
25665
-20535
-19547
19151
26234
-23975
-24614
-31463
-3501
-13940
-5499
16867
-19174
-11365
10376
-16861
18876
21939
31508
-5084
23329
-5570
-31178
-27193
14219
31397
8804
-24827
28765
-6234
-2105
-13605
-23804
2976
10744
8804
-30938
-23064
9068
30426
13893
-959
28557
-11318
-28342
-6529
5559
-14598
11213
-28074
-18406
-3948
-31345
-11483
-8319
-18464
-20093
-9374
-16479
22719
-16544
-21656
4893
-28555
-22810
19931
-28198
32153
26280
-20305
-22872
-6754
12529
-15362
-20167
20231
9182
-13808
26650
-16628
-9744
-25132
-29763
17917
16708
-18331
23817
-7239
18572
11895
-9285
15017
-17678
-1902
-25446
-6532
29803
-31514
2845
1948
28190
-30212
9047
-6433
-22720
18277
-14329
24651
3062
-10086
-6538
1891
26113
12668
17523
-17428
5737
5511
-22432
31105
-1076
-3752
-15209
30306
-17871
-28107
20380
6646
9962
-30106
-20651
-24637
-325
-29707
9747
-8470
-27971
26846
6484
9219
2993
3775
10445
818
13518
-29334
-7932
12366
1961
-19834
19515
-17085
19392
29767
-6306
-509
-2659
20632
30467
-6758
7294
-15087
-27515
-3022
-31970
15410
443
-2256
-3558
24366
-22311
3264
27491
-28298
-12732
30495
26467
-20903
-30795
23682
-28435
-14747
-11073
15366
-11787
-21610
-5633
16178
10079
-8899
11651
19372
-3337
29965
31794
-9556
-15522
29054
21619
-15060
18498
26751
-29518
-180
-17457
-5331
28854
-6845
-24782
-17630
-20986
-29377
-14280
-22173
29438
25971
1353
12411
-11988
-9815
-6243
-15153
-11779
-4907
6072
-28027
12531
-19066
14024
-26584
10943
11678
-23505
-13461
-748
-25430
24553
-9446
12197
30649
-17490
9086
-6826
4810
25185
-31973
-482
-5589
17271
-471
-24738
-17309
-1846
26472
-1790
7517
16209
28580
-26083
-19015
-32537
-4726
26556
-6268
-17664
-8241
19759
-23872
31689
14299
567
28033
-16602
28370
-22611
2326
-8245
4472
-13641
29671
18520
-9861
-31845
25662
-26189
18711
31257
11434
-22314
-6607
16338
-5844
23390
16424
-31383
25293
-15398
-24148
-15075
20017
13014
-948
-18599
11428
-25383
-5265
14829
-14662
-21712
-12845
-1712
1904
-26943
11955
-6134
-9762
-15118
5751
-22834
10670
10518
-8568
32606
-13308
6381
-24466
-11122
-31295
18484
32697
-25097
-31259
-5683
6700
-23075
16443
28009
-8216
-27564
12629
30855
-16990
-18069
-8587
32259
-17820
-28424
-11402
30801
5627
150
-31519
7121
29036
-25875
10493
12412
3144
24343
-14609
28323
23907
-24770
-17543
1191
11255
8250
-3575
23657
-7306
-28200
27077
20704
1745
26590
-5130
-32576
10411
-7119
7102
22234
29583
3085
10013
-29430
1351
10334
-19108
-5694
1588
-31534
-1889
31101
5040
29583
-25069
-30640
32690
25709
-10224
-32429
-13867
8297
13268
-11054
14906
8425
8184
-16579
18493
2064
17813
14112
-22569
-23993
-18540
-6067
-28588
10441
-17588
-24628
-24961
11132
-16218
-32014
8788
24809
-13997
13853
28569
-32729
-8743
18373
5166
30642
-29488
-17477
28352
4247
-12477
26888
17252
3575
-17766
15002
14687
21501
15346
-21057
13893
5635
-6251
9988
-1838
16949
5023
1391
22336
18194
14502
15383
-20618
253
6371
-27455
4335
-27870
-26717
10426
-120
346
-12580
-7729
-10741
-26384
1950
6932
-3151
-4268
7294
-30458
-20097
5197
-16081
12518
-8646
1802
-14025
-3181
13978
6705
26752
4290
-6020
-21987
-7902
-32195
-26358
-15195
-15902
-19359
5949
-19164
9456
14955
-28823
6163
-9966
10632
-396
17898
27163
-21936
3843
-2952
-2352
16809
-19584
27121
-27205
-16754
-276
-15380
-14326
-30109
16500
18251
7259
17110
-15812
-18600
17516
14878
-31748
16629
20258
8641
20021
6767
-26308
16091
-12507
-2768
15551
-19300
6507
13546
29361
28134
4426
-18597
21769
-6825
-20948
29285
24220
14884
-28332
-27638
22481
-227
-20055
8235
22072
29354
11007
30014
-16765
9995
-12297
19098
-9983
24482
9298
32062
-15531
24763
-28581
-4814
9202
-27426
-22616
-8176
-11356
26710
21137
-23692
17756
-22241
-23452
18275
471
-3770
19436
-5505
24848
-29079
28773
20753
-10657
16157
-21883
26294
-13707
15802
3384
7339
24747
-20939
27987
-10387
4733
23786
-25034
6879
-28498
-27113
7837
11933
11352
315
-10815
-27873
20890
-8094
17731
-16918
-186
30562
16635
31296
-24827
11455
-19397
-31208
5993
19199
-7074
-28466
18769
19571
1925
16185
-5006
-8341
-17057
15640
-7699
-28077
2412
11961
-1556
10669
25110
25624
14475
25536
9479
-32089
-17129
-7519
20010
-13156
20231
-31082
-9825
-3626
-18239
21969
17399
6286
2065
7062
-18175
-15230
1806
-584
-20561
-30308
3080
-9034
-25050
671
25104
4379
28304
16595
-31125
-25750
-18734
-8909
5686
706
27119
-23293
-26657
18404
13322
28964
15381
26149
29066
-25405
29344
10933
-22418
1159
-27613
-24000
23893
6526
-484
-23576
-2635
26972
2112
-13767
28194
32329
-8003
-7011
16852
-3237
4103
19322
6515
-11931
7895
-23519
-28856
21780
7515
24240
26341
17071
-17753
-5421
-28620
-2826
3015
-31002
-652
-27254
25566
-32145
17965
-24938
-11286
-18756
-9850
-11625
-29416
-14792
10514
2285
-31560
-14200
14172
10807
27289
23568
31208
-27110
3330
-3115
-7123
-4351
7808
22641
-29724
-18915
-29092
22567
3867
10826
-5087
16458
9841
29619
-30009
20856
-6756
3516
19844
18599
-2130
2324
13947
28364
28098
29168
20608
7312
-13810
18798
29273
-10938
-18526
-3419
31587
15724
-12264
8663
13768
-2140
-1111
-18661
-869
-15141
3777
-30694
-13400
26095
28824
32284
-15065
10016
17095
-20962
7083
-15281
-24323
14954
-9421
15317
-9843
-177
-20447
15565
19683
4134
-29906
-5089
-1313
14719
-26796
-27640
8802
31297
-8331
6855
-30277
-28546
25719
-2730
23374
-27135
28391
15704
26162
-18955
-19675
12361
-4981
19531
17857
1178
-16261
4007
23211
31939
-1739
-4446
31088
-17588
10315
-21577
-5773
17324
-11858
5052
194
-23502
21976
21531
30550
1393
10129
-1348
-715
-30936
1858
26360
17824
-23261
-26796
11468
-23028
-22304
-27381
-21362
-21618
-3576
-731
17504
12066
-15337
9224
-12926
-12285
-2831
-13736
22026
31892
7556
22743
-5504
-222
6842
20953
17894
32413
18575
8859
11181
-9390
-19351
27909
7217
1139
-7596
-30470
16030
6777
7981
-6337
-24140
-11521
30331
14958
-7787
-8307
-5809
23881
12167
6932
-31882
-19028
-4134
-18724
-18271
27899
-20146
24425
-870
-9474
31823
-17245
-8900
3728
1526
-823
18773
-18480
2379
13714
13652
21687
-25012
23769
-7609
-24381
2444
-162
12916
-2394
32752
-1519
7717
20583
28555
-15112
3028
-8242
-30481
7909
-13046
-18974
-32393
4367
-17274
1672
-6703
-15600
-5443
26370
-25664
-15950
9325
17039
-7389
352
-25899
-27081
27318
7227
31674
364
-2673
-3683
-25622
27648
-20623
22558
31394
-1432
-10463
-19290
-28170
25738
-12760
3202
-21296
-30304
25384
21798
5339
11539
-4921
-16655
-9759
-29097
28773
-27360
-25948
-20540
-9698
-13325
4641
-13465
-10272
14902
-10444
-22680
-11668
19567
30803
-5205
-12787
2944
-4215
6081
9807
27226
26934
-31903
-14637
600
19047
-17938
-12728
23110
2031
762
-21114
17230
-19635
14925
9198
29658
1831
19073
22658
24697
-19485
-4668
-14360
-23994
-30942
-10631
-20334
-25444
-23258
5600
-17408
-27930
-7406
15738
14850
-10882
-2451
-27037
12065
-23834
-15030
9380
-22997
19880
10739
-13899
6313
22420
-26172
-24523
2539
24214
11020
-27157
20052
27216
-32235
13600
19391
-25954
10442
-8358
4383
-6279
-22830
-20895
24016
32514
-28659
-6059
-14291
-3602
18670
2079
-25827
28944
28376
25332
6607
11084
-29472
-1318
-21729
28426
9914
-8238
-6081
-25139
24484
-11033
-24296
-740
29309
4361
9977
29266
-13446
-25240
-20148
25376
-23031
14517
-17354
5198
30905
3617
-21924
32641
-31586
-31081
24830
15414
-11196
-25145
14551
21443
-7735
11566
21649
-26357
30826
1309
20955
-26916
1294
-25486
2771
2228
-9855
-32640
4597
-18663
-3856
18483
10821
-12845
27903
-30094
-12523
-6551
-18648
-17078
-7751
-4148
-8783
4736
24489
11629
26262
-214
-28495
29424
25081
-29500
-25304
31134
-20530
2237
31600
-17036
-6357
30192
6734
-3716
-14913
-6056
9128
-26000
-1531
-11089
-4611
-20872
-31281
-17807
991
6291
-15904
8299
16417
15097
-21934
-28233
5194
-14976
-6464
-23715
21186
-1038
10857
20659
-9457
-18814
25109
-6338
15959
-19185
3784
-14034
25620
3738
26922
3236
-5935
-32134
18874
-10565
32020
-18505
-27906
-20813
18927
4581
-10866
-19312
12739
3128
-21249
16994
6669
2413
17921
-22356
-28947
-16586
-26495
3955
-27257
-21258
32010
23231
-17403
-5422
28469
30674
6623
-1888
-19048
-30326
-30137
451
-24407
11989
-19914
-9535
-28494
23003
22126
19448
-30522
1222
-21441
3787
-18473
-10771
1404
7958
-10512
-3252
-150
-22345
10893
-13330
5759
-7013
17708
106
-16800
-3279
-601
-22237
-15552
30628
-768
32021
-121
14667
-20592
32390
30441
-16110
-13715
-6825
-6342
-9536
-10146
-14105
-21567
-13089
23650
-28621
18201
19633
-25571
21553
-4368
-29127
27286
1858
5633
-10755
12467
24642
-28440
1785
-17909
-14640
-9640
-15844
11769
-27338
-6034
-15038
26422
2544
9946
-25120
-27553
29860
-27725
16939
-30102
14592
-28421
28396
9448
-13188
9098
-16512
-24478
-13577
-22365
19939
31533
-24349
6064
-11461
-26903
19395
22537
-3200
32001
9365
1677
-12470
-11473
-25545
25733
23655
22033
-8213
5429
30129
23394
-29505
3655
-13189
-18608
-1289
-16956
-17371
6426
27898
-30778
-13644
8840
-26912
7527
-24526
-1317
-27264
7096
26153
31119
28247
-15102
-29360
-31801
8628
-17283
-9889
26977
26772
14998
-22013
9660
29992
-29816
26136
-29760
12026
-22734
-22224
-6654
32154
9706
-27199
22153
7482
-21015
-9751
23026
-633
26921
-3990
-10580
18252
-17788
20134
-15938
-2448
-29495
21990
-12685
-26879
-17934
16361
-22300
24041
-14131
31268
-14534
-8147
-18887
-4854
17792
-31144
6747
-6524
3686
28110
-25474
-3959
-23854
27338
15132
12568
422
-30585
-10046
-16911
-17839
-7048
32179
16713
28545
-19133
-3314
-24353
24456
12170
-26101
9393
11662
11968
28877
-4782
-724
-3447
21659
12811
30225
18034
20390
-20536
-8252
-13705
2489
31988
13910
30841
-13619
-20673
30359
-18358
29889
1942
-12120
24295
-14518
-31073
-26511
1606
19179
-17054
6636
-27476
3690
-27951
-4803
7635
-5863
-14371
-18173
-19931
-23872
-365
-18816
2993
28271
2023
-29877
17518
31138
9917
16256
29831
-29449
7593
-7123
31548
-23748
-9303
7784
-12642
-8785
-14651
-27840
12222
11429
-32017
-18341
-5873
610
3909
23727
-4349
9655
11511
2906
-23398
-3980
-631
-29610
-20628
-27774
18390
-9783
4125
20266
11337
-22680
-2104
-3383
9723
27750
19144
14025
-6951
-2629
-1413
26639
-31993
-24723
19006
27742
8073
-30672
18704
20076
4323
-11370
707
-20920
2491
18508
24327
32723
-31094
-17951
2914
-12876
16427
19452
28639
-6346
26462
-5458
31457
10022
13559
17118
-11159
6150
2811
18973
-2051
-12580
-14747
6795
-20830
20938
-9413
-16864
29438
-13176
15780
225
16026
4365
-4383
28552
-18020
-10317
12879
21228
-2074
31065
25632
28706
26319
1530
5446
24576
-13011
32483
21492
17587
-493
19900
8995
17719
-10830
129
-23763
-6949
2412
-27970
-25685
2569
-15723
-12309
-9377
29767
18424
-31667
-21240
-27831
24746
-8330
-24109
28330
-14525
-24411
-2763
-26055
23658
7358
-30076
-30169
-3813
21146
-24628
-18180
-10034
-30058
18119
13244
-25690
27643
-200
-14745
19128
-7468
-4815
-30123
21927
-24337
31087
32148
19625
-15903
-14703
-31764
24721
19205
-20532
-19800
26112
30831
30623
2159
9712
5411
1087
21407
-8251
-662
4834
-17457
5912
23580
-28454
-19598
-2023
-19419
30447
19332
-27099
10439
23021
6348
-2413
10066
13365
-12695
6035
21532
31476
15010
7775
27624
947
-23678
-27375
7820
3213
-8173
-16094
1516
-10620
14284
6147
16926
-29829
-22527
-16134
-19981
-5873
9424
23430
32415
-21436
17789
-1862
-11281
23799
22682
-8523
29999
27074
5413
-13382
-10271
10998
1037
22144
6540
22326
-18604
9525
7777
11417
4389
31766
11749
-16934
-770
-16550
-14600
13951
-21236
-12789
6974
-18221
-28186
-5695
-5094
23150
20808
-3613
218
-21110
27018
-26206
-29862
-18475
-28448
-18036
-9227
29534
1100
-5056
-2229
15513
-32035
-6838
12058
-1834
7538
-30033
23204
2153
-4198
-8050
23653
-29633
26971
-22521
-5039
-15143
-25665
9825
25502
-24632
7732
-7319
23960
-11686
-3277
13005
-17931
25036
-599
32417
24480
25442
16506
-22427
-18395
11112
2491
-15979
23136
4364
29899
28175
-15347
-18177
-5803
-29064
12275
17551
-23030
-1835
-8928
-5228
-26254
12085
-2255
12183
-7983
18090
-30257
-30652
-24656
-22335
-4940
19273
-32248
-262
-21430
-32710
1549
1882
24482
-3611
-9832
9781
-14832
16586
16871
13844
-29400
9277
-15735
-1764
-1937
8419
21574
20246
7805
-11844
-15259
13026
28272
-21059
15477
18203
29843
12701
-13345
32098
-10644
10028
21668
20328
-15934
23755
-27731
-24891
-26689
-23105
-19464
-15285
-12430
-4947
-26674
-2988
-16275
696
6221
-1615
-12980
929
6291
25363
-22985
-4277
-19255
11087
11439
-29148
10140
19577
30241
24958
12366
-32001
-25047
4567
-11765
15886
7611
27295
17535
-5126
-1200
-2532
17286
8211
32408
-28031
20939
30845
-4757
-32433
-32638
-30668
-15349
-14197
7661
-21528
-5288
-16432
-29310
13703
-25836
-20326
2124
-3199
-17536
-27124
21486
-19097
16792
-8312
31822
10997
-14104
30447
-32027
-31872
-27534
-9869
29074
-26472
16150
-19180
-14496
-16248
20268
-2441
3250
-14686
11096
-13326
-19220
318
11683
29126
28662
22757
14057
20239
24262
17870
15506
-27920
31183
24867
-30683
30896
13790
24219
31803
-2206
-3661
-32051
-17913
894
-29970
-32063
-27285
3281
8853
-763
-17378
-12946
21638
-9529
6922
24664
22478
8618
2157
25118
-13726
-31578
-19698
1218
1069
2907
-30158
-30770
14223
-3426
23643
24912
-1953
22116
5044
-21127
6473
29320
-11
14382
8171
15047
31732
6716
-14115
29001
20303
18614
-19599
12030
-28542
-24469
-25359
-18061
-8504
-24298
9299
-27262
3012
-25918
-9053
30861
-22810
-20606
-17567
27888
12069
-30195
-25120
-2532
-26342
-15787
-21882
4088
-10174
-22386
-22373
9974
-7196
466
27965
-24360
8648
30112
6840
-18791
-23073
24156
11644
27687
-20241
7660
-8845
21079
11710
9783
28880
30342
2
18157
-23205
25794
15444
-27910
-23038
-21585
-4660
-11940
21174
-18875
12978
-21544
13479
-18518
-13361
7710
32123
30831
14339
27256
10898
-2304
-11481
6006
10336
-9528
-19498
-5196
31932
16331
-26919
-27813
-1096
27343
13592
15105
17406
-28489
-9658
32194
31659
-17724
24230
25065
-17149
14429
-21415
-29003
16983
15694
-29611
252
-28550
-12056
24860
-28090
-27036
-26537
-1343
31376
-13951
-31636
-11200
-8251
-11295
-8049
-22207
-3891
1355
10882
-10626
-25499
-30670
30913
-431
-11214
-12470
-24208
-5566
9701
-5897
19577
3319
-8693
-22783
32662
2521
-29374
9885
-7744
23467
-14361
-14893
32590
-5199
5875
-4016
5394
-2604
-608
-19553
-20361
13964
-24602
-1128
-19252
15740
25582
-15638
29599
19057
30226
-14184
-5405
16055
-26500
-31291
22864
-4685
21285
30046
18545
4077
-32107
17714
27649
-28743
-2236
-7493
24541
-8696
12170
15668
-8482
32583
4433
4697
7508
14196
-3188
6479
-17602
16358
-8913
-24397
18415
-21763
16720
-2504
816
30381
-24047
20410
-23856
18700
-9152
-30500
8191
3557
22158
17207
-7886
-29581
-10927
-14076
9702
-29822
22311
-18130
-19064
-7236
167
24190
13493
-16865
-20314
24369
-28626
14998
12893
-29470
-3790
21754
-1608
22707
20157
18729
-24598
-9401
-16161
32472
4717
-7151
4823
14211
27972
27208
-3029
16676
29878
32521
-20299
-22759
-22615
-26221
28053
22778
-30574
31550
-18307
-30809
3386
31958
23143
-18186
-7432
11371
25772
-29602
-17047
24878
-8290
-29328
-26487
-31554
23611
10155
22126
32077
19846
-4275
15958
-15847
4662
-16222
-24658
-8385
18353
-24849
22751
9458
24901
32334
805
4316
22648
6235
-19588
-10651
28362
-31862
-25694
-13080
18586
-31556
25731
10356
-15031
-13467
12647
-17754
23666
-18352
-3923
-27374
3811
4715
-17212
-8059
-29906
14947
20153
-2081
-18499
28778
-2177
-1282
-28270
8319
26896
-7209
11511
-6688
5792
-15932
8160
-17310
-26538
24252
16204
2740
15138
-24862
12643
-15940
-12349
-14440
-30217
30787
-19762
7050
19327
-17771
26948
1221
21917
-27790
-11132
13718
-22368
-23867
-1021
-28719
23239
-13260
-18105
-26724
18702
4470
26320
-31461
28697
-32632
7827
-23564
-26752
-23176
-24033
-26665
31424
31023
101
-26093
-14276
2894
16648
28245
-31495
-762
-10407
15680
137
18576
-18705
-15385
7389
-16139
9712
28951
2203
-18339
23990
-2775
23432
18929
-11639
12578
21160
8513
-4942
-31011
16397
18422
-27499
-26922
-15728
15553
16904
4975
21038
21867
14694
-24096
9437
-5936
6432
-4577
31538
30294
-20658
-8891
-25736
-29252
21466
32714
20934
3001
27998
30967
11949
7831
27851
-31182
-29262
-25603
-14994
-18669
-7133
-27376
-17932
4769
26778
-691
885
2258
-8329
5216
-3473
21828
-841
10050
-26997
-24706
20439
-31062
2297
24492
-17963
28772
-14161
28382
24776
29517
22334
26905
-4904
18375
-7648
7885
-73
-26377
-20417
-27984
1054
10522
26655
-15508
-4098
-11213
-31712
6986
27571
28181
17511
11911
31136
-2611
-2099
-25167
-32565
-17567
-7245
15446
30372
13048
-7967
-22148
-10119
-15242
-7170
1693
-17002
17158
-5336
-30655
-8975
19185
449
-22968
4972
12115
-13414
-6560
3368
-5757
-6043
27276
9813
-4952
27079
-688
6776
26113
13191
-5777
-7997
29552
4433
-27993
-4121
-12486
8707
-12468
-4772
31902
-6426
31501
-11200
28258
16052
10329
4426
17359
3121
24179
14475
-15971
28250
-12923
-14991
5094
-6594
-30330
21162
987
-23096
15147
-24297
-849
-15444
21473
-12661
-12972
8180
21328
-29620
-16406
19110
16341
4957
19691
-8666
-26987
-32398
-28148
-17047
-10108
-20818
16679
10171
-5661
-32636
-16825
27174
8291
-6921
-25226
14171
-6042
9388
-8262
-29511
-25735
-11156
5544
-31154
28771
15644
19733
17032
-21695
20238
3683
-3941
-18085
-31071
-2313
30446
-23558
27075
-30559
-14620
17825
13252
-11265
14904
-23763
-6109
-4307
30724
2589
3114
17104
-13921
31974
29627
-12309
10105
-2373
17434
-21692
1535
-18052
-1251
27743
31855
-21182
-20543
-198
-6275
-10304
2540
-3534
26725
11500
14445
-30649
9604
-18844
-29317
2663
-26690
13895
-24415
-5333
18288
29054
-26043
8174
30373
16468
-3376
-25679
-27154
17213
-965
26573
-6372
-12915
901
-1566
13212
28068
7841
14456
24744
4673
20607
-20899
-19442
-17565
-10800
27585
17499
-28547
6970
31956
-2810
-22190
-21830
-61
-9793
29001
-3111
-13529
-23069
-862
21172
14992
-20070
-7713
30836
-26240
-26100
-26600
-4699
23474
-32315
-31803
-22225
13395
29778
27413
-13701
20935
-2223
-27567
17634
-27836
9623
6602
28145
-15797
24805
-1123
-3908
-1151
31147
-16486
21875
-31617
2708
30528
5051
-7003
24162
-31862
-14436
-28903
-3046
-6326
6637
1525
-21463
12912
31837
29776
-18959
-28098
-26103
-1120
-12878
-22430
31763
11994
-21661
-13641
2299
26376
-23477
8685
-24164
31687
-28349
31077
12955
-9139
-3
9710
-23177
-12370
-26159
-20807
23197
-8212
19259
-10238
5441
14345
-11860
-26209
13019
6649
2027
21855
16314
-11513
-3469
25040
17879
-6984
-17854
-25641
-28792
-485
20258
-2306
30163
-18301
19530
29331
8392
-3212
-14959
-19546
22777
11922
26383
30863
-12884
568
-32685
10014
4934
-16340
-19716
32132
20921
-17318
-18647
-173
-3229
-10286
20415
8468
12291
-7328
-9560
20718
-5354
-22078
-23061
-32229
7069
-2530
8603
8986
11936
-27532
32009
-31991
27578
-10158
-16978
-29634
-23879
-10043
-9549
-96
-29979
29840
-25057
-17079
16378
-28585
-21104
-7783
-32386
-32601
-14134
-2246
31292
-5702
-23977
27947
22236
-28176
-23645
-10188
-2170
-9559
-25832
25909
25580
-21661
15335
25828
6180
27679
30820
13650
14341
-21552
25215
27580
-2139
-30218
-18112
19623
448
1818
-25742
22999
-25764
13383
31668
29628
-29036
9180
11788
18140
21121
6196
-2852
-1022
10323
11138
1524
-28424
18627
-15812
-23893
-8520
-1410
20136
7463
32267
31925
625
26013
27719
1259
-10893
32219
10746
14975
-6311
24085
-1723
30909
-4484
9319
-5195
-23007
-4779
10765
-6314
1554
-4403
23567
14941
-10127
-20959
-25747
9889
10332
12070
22646
18500
22570
-9225
-28409
-16407
8339
10248
9924
-11498
-25645
21786
-26098
-16550
-21876
7547
-7263
23148
29339
-6224
-24626
-24358
2681
14407
-14
-23793
-9171
23829
27427
-32345
24090
17969
-9308
15814
-24903
-9592
-4593
24928
-23139
-15119
-8484
6903
-25676
21363
20080
-25501
-21965
-4961
-20908
27281
26505
29019
14637
-23548
20726
19904
30829
22211
-19300
28934
8786
31146
-28102
16947
20281
16737
5582
-32741
5242
-3683
-31876
11760
-18979
26627
19211
10807
-30028
2576
26476
16488
18436
-26543
2611
-17222
18388
2953
-20053
-7620
22906
-32100
-4698
-29705
-18645
-19320
32399
-354
31769
-32139
-22634
-15617
30318
-30196
-26276
28428
-23636
-22687
21764
-28082
-8015
31521
-25350
-20509
26567
-29355
29263
473
30123
-21688
11882
-24314
20416
-16144
-2543
-11416
23414
3891
-11718
-12721
-3537
-5488
-11151
-16568
-21889
16820
-9246
24731
-13925
2439
-1377
-23371
-2426
-2056
6025
-24696
212
-566
-14765
-23399
-9420
-17831
28820
14985
27636
-19
-28188
14599
6727
20230
-1496
-5673
-17446
32527
-5730
-4130
2986
-6946
27498
-22993
-11323
27585
824
31861
-24464
31942
277
20709
3344
24564
-21401
15808
-13644
-19700
19163
-13761
-2386
-27214
-25077
-25111
1979
29277
3982
-2131
10180
4668
9992
-10333
-4385
19831
21193
27177
24996
27087
32452
-24610
-12048
23227
2117
-8945
-25387
-12690
-793
8385
-3038
16410
30689
2944
-16695
10007
5290
-493
16434
-17550
20561
-29959
21355
-17788
30048
26010
15999
-9831
4513
-940
-6408
-10266
27454
13950
-15019
30083
-2324
31039
-14277
-27156
-30205
23437
16829
13494
9514
19490
-32723
15554
-11848
-4677
-8129
-25781
-14496
19781
20006
26614
18310
509
-7645
-12833
-20865
17121
-12285
525
-10190
-12783
-10771
15406
-32439
21832
27742
11519
-16725
10911
29489
5956
-21074
16308
31004
14707
16662
23177
-11265
-23480
8428
-30650
-31427
-6907
19158
24561
-11353
21846
7142
-30177
598
-29690
26360
-749
21994
-30312
-30320
-24961
-3837
-29162
13952
-19612
30303
-22168
20729
-15022
25865
17171
-21802
-813
-7338
32161
1144
4781
-32441
9992
-10720
5208
-32385
19250
-14629
10734
-19525
-23181
-6260
11812
-21421
26854
-4622
10235
-16695
20125
-8350
-20537
32183
3053
26737
21246
-8781
-16954
-14224
7249
13846
-26274
2553
-13391
-679
-26450
10981
24998
-16636
-21402
