-7391
2804
-29908
-12291
8518
3586
31163
3917
-3831
3081
-20549
7384
-32507
18665
29238
-9418
-9205
17413
-9163
22707
8454
24083
28995
6144
-20646
-27491
-7783
-7235
18869
6574
-6054
21833
26001
11691
-16641
-30288
-31081
11982
-29878
16526
21848
6936
10736
5693
-9628
-6342
21037
15987
-16657
-147
-24791
22061
-5182
9244
8101
-30322
-8292
-12679
17614
-23585
-29246
14725
8203
-17041
23618
27747
27687
22584
31356
5959
-1183
-14388
5273
-2983
-6383
-1906
13585
1084
9125
-11362
-24129
18758
-19718
-3101
-1632
32416
-18624
-13340
-18469
-24658
-22090
5237
-6085
4153
29230
-10663
32227
-5931
30086
-7540
24320
-25749
-22874
21672
6872
15474
15222
25164
23553
27449
490
-969
15918
2440
23164
-14004
23937
9997
20383
31859
26187
-14053
-8114
12008
29264
-1563
21483
15896
-3496
8499
24171
24726
-27584
9080
67
-25414
6147
-17636
13193
-8849
21514
24825
22910
30148
-7503
6369
29293
19933
-2379
-14171
-14428
-18826
-27711
1211
-21554
5924
-20230
-24713
-21716
-533
1223
28592
-7857
5031
-21983
10850
17780
-18208
22407
16745
30714
5050
-16159
-4289
-25924
27866
23413
27586
19103
-32042
-13761
-28401
21080
-12348
30105
-31581
-19660
18109
-5260
-13756
-17322
14837
10078
-31195
8872
-4725
-19522
21556
7601
-19273
7365
-8170
-7647
28548
20536
-11487
7819
-30402
-30061
3073
14997
28810
-7887
-9294
3142
-13896
28508
-25444
-32750
32330
6962
-13578
-11672
7368
5323
20378
-22514
-23834
20519
32082
10414
1371
27529
-22854
18170
14570
10527
-21863
21803
-29628
-15995
-11859
-20278
-10310
-27675
-6074
25265
26239
29153
6192
-26151
-27567
9787
-26275
-9072
27585
11362
27745
-24773
10996
6075
20952
17365
6756
-23538
10194
7194
-32241
15031
-9497
28819
-16224
-16673
24182
23700
21967
-20481
-21769
9197
30795
30594
-28778
-25064
-14387
30049
-10640
-16645
13864
16104
31972
330
-3002
-21313
23100
-12432
-15517
-25790
-16940
18152
-29812
2626
-16671
19452
-11376
-20530
4192
-28512
-31218
9282
15897
-5946
-2649
26673
20889
20476
3604
-1208
-18092
-2163
-18433
5296
-24770
-19169
-11969
-3105
13629
18844
-2068
-12645
-2955
-2885
-9108
18203
20960
-3230
6612
21587
-23294
-6655
-25215
-29805
-8660
-7592
-28841
-24922
-25523
26178
-22987
-28829
-22358
25735
30394
13466
-30108
-2249
4430
-16633
30512
4851
9943
-15535
5489
8834
-7960
22455
6633
-13067
25515
15764
-6540
-25202
-3443
-30735
16988
-13439
-17588
-5512
-14491
9207
31263
-21648
1291
-11354
21967
-13263
2192
11420
21239
24290
18452
-6126
-7278
25359
-1667
83
29809
22799
6961
-6971
-664
-28505
8766
-19609
-18242
-26538
-10194
-25827
-31762
17908
-28784
2628
-5984
2538
-5686
17155
-31882
27296
-10827
-18164
27861
6956
7143
957
13049
-22561
17190
14863
-28512
-21501
28102
25718
29721
-13435
-20908
-24962
1698
-20793
-32704
9639
-10212
-2232
32553
-10490
21636
-25679
-15251
-26031
-15091
-21193
-18330
19694
-1833
20204
-7780
-7436
5286
-11512
-10382
-8354
-6549
-5756
2499
-16287
4584
-3295
-9407
-30951
26117
27046
32594
-4200
-7494
1719
-30002
23455
5200
-6101
2019
4230
-10403
18565
-21596
-751
19238
-7294
1510
-30574
-19441
27833
11533
-17589
8547
-22619
14943
17584
-30801
-3563
-7671
-6394
30294
-3019
18436
28808
4982
10450
-20585
-11481
-20021
-6825
6115
21082
6429
-316
26041
21442
-7955
18875
-2994
-5532
3383
5059
288
23842
-3966
-4561
-22034
28378
12332
-11621
6070
-5821
-1043
16731
-15242
-6837
12261
20464
-22061
-770
-11033
15192
5354
28966
17471
-8509
27045
-10807
-16267
27446
-21334
403
-30838
20177
17107
-30536
-12234
4469
-12076
-2357
18407
8246
-21399
21931
11513
-857
31555
-32589
-31918
15175
-26121
8121
12472
-23263
9661
-2922
-22018
-8188
-30774
13736
-6366
-30085
-9624
13305
8351
-6348
-26531
28832
32534
15403
18884
29937
10683
-4127
1494
21919
16752
285
-25602
15502
-26813
-7218
6095
20667
20184
9048
-31634
-28598
-28209
-17834
-29395
26814
-3837
25690
536
-14618
-10092
29617
-7201
-14119
-7262
5795
-13643
23662
18419
-20144
7524
1414
9463
29503
3020
25696
-28908
17717
13961
26075
-15279
-1355
-26922
10697
-16994
5581
5658
-2042
13620
-19190
-30128
31535
22935
-14970
22027
-22079
29687
-11854
6376
-26252
-13981
8850
17182
-16699
2533
-27337
-28457
-631
-26723
4007
-7824
322
550
-28990
-28218
-2557
5898
3142
-25505
28981
-17831
21733
-30556
31635
-19696
11805
-4066
-13666
29021
-16509
-27523
3398
5578
-3252
-21399
-17625
-3089
-23709
14564
-21523
32746
30774
28816
-20483
23912
-5169
21303
30768
-7649
-10330
-16571
-21807
31952
-30309
31077
4145
2166
-25791
834
-18879
11145
31951
29383
11361
15251
-26410
-26612
18302
-8123
-21521
2923
-7135
15274
3133
4490
4704
8325
-15612
-141
-2365
-6012
5663
-25631
17676
31410
4041
-2746
-13585
-12061
1301
22363
-23143
-1289
-30317
-21412
21175
-26635
-22211
3673
17921
17152
-24886
-30815
-1166
15375
-22258
-11062
29912
26575
18128
17393
-24785
-15148
21774
5294
-11093
-12614
-26305
-31648
-31492
12342
-29084
-9689
-29826
-28624
-26381
3391
28119
-1296
-1985
-12859
25122
-30028
826
-21920
26380
32690
-22656
4639
12778
-4514
-27162
3409
-26316
-26494
-30930
-23910
-15112
12966
-1005
-6289
22791
-24967
-3952
11825
6472
797
7204
-12476
11555
17737
-15958
15671
12670
-10251
21023
-4996
6708
-31121
-6220
6322
30245
-1448
-29419
-17775
-32561
3740
-31160
24598
-593
-10110
25732
-10291
23106
17169
-10420
-16957
20757
14385
-6289
12532
-20955
-19441
10886
30589
-30364
4239
-1077
24869
-516
-22544
-1154
6760
8543
30262
8575
162
-19294
-7294
11807
-23243
25533
1944
7922
24923
29404
7648
3927
32005
-4525
-16229
-1615
31718
6339
16779
10512
30672
4556
10018
27676
28738
-17923
-1667
964
-207
23107
-19440
-29813
7559
-11579
31976
704
-9011
11668
-3715
13569
-32672
20761
2154
-19150
7740
20502
-11254
-22765
-7853
30902
-9708
16584
-4625
28109
5693
-17404
15442
-6919
-1972
-14663
-16853
-27120
-8211
-17492
23447
-20768
-3761
-2741
24039
20107
22269
11957
15701
-30779
5813
-23667
-14195
-23255
13608
-1754
24383
-29734
-12259
-16817
1532
-19637
-31429
32480
24034
-6093
21910
13356
-6079
-29798
32222
27067
8836
24410
25465
-8140
-19969
8585
31371
-25029
-1750
28610
16397
4192
32079
22107
-18355
-26811
5006
-9313
17494
28394
5462
-18504
18879
21533
5658
-2850
-24531
-31456
15920
9286
-15448
-6811
19964
28511
17206
-26982
24232
-14604
-9215
-13182
-9009
18039
17657
184
-23909
-1709
2709
25432
27479
16157
346
-3492
-9852
25148
-20901
-13381
8813
1653
922
-31293
-27080
26022
-1683
5825
30539
15077
29079
19008
-15438
-21895
-21399
-30769
-8084
-27117
-5776
1150
22743
24926
14847
27373
-30019
-3532
-25526
31426
-16053
29824
21840
27960
-21450
-16236
29492
26943
-1329
-19949
-11499
-99
-31720
21183
5242
8884
-17110
6991
-26322
11686
22243
-17968
32195
26641
-10383
-17646
-26606
-3562
7901
3819
32598
8281
-20912
19413
5756
-9255
30469
-16066
6182
28114
-1714
1639
-21061
-17377
23489
-7293
31515
29370
30075
-3870
6664
-7413
3144
-19130
-11428
28062
-13916
-3853
-32027
31218
19486
-5474
-29096
30047
30144
30546
-26192
13152
224
11751
31314
15141
-22976
31995
25796
1160
-16288
-8794
5975
9
13954
-25985
17175
30334
-13836
-27612
-6466
-12586
-22118
-31293
-12969
27469
1127
12348
-18426
-5350
-22635
15469
-27898
-17848
15472
1912
17998
-566
15963
-13024
15034
12077
-19762
30756
8161
-12418
-16729
22241
20786
16328
-26557
21101
829
-1400
1073
19804
19299
15465
-5989
17836
-30658
-14300
736
-16153
25284
-15880
24140
1374
-1056
-10462
-11859
-16383
-17485
16532
-18557
14036
-9035
26678
5476
26701
-20505
-28534
16435
7900
-8439
-21466
-22636
-26345
24548
-2263
-8158
18473
32239
-7376
-29545
23569
-9120
8121
8079
31933
28053
27107
-16693
27693
-5712
23921
13784
26505
-17226
-21108
10876
24881
1
12915
-9652
-9005
-12011
27499
3802
19214
16208
-32030
-14032
-21701
-8231
-10391
15969
-2469
-27271
31229
-14255
19799
24213
2484
8422
-6563
-6803
32283
-25557
-11428
-26920
-9288
-27972
21196
2105
-27191
-19861
-10345
18689
-23654
-29678
-21644
-15733
5657
-25624
12821
11587
-28668
20116
-11590
-3143
-25648
-4972
-28802
27452
27401
8589
16539
-17970
-15122
20575
8047
12752
-4725
23476
-8984
-9194
-20460
-13043
3121
-23838
-30098
-2788
-834
6958
27167
2035
-20553
31123
4356
-1874
16127
-32673
14797
13340
30704
29103
6485
-25541
30047
25255
2566
1997
16922
-26996
16472
32708
-29905
23725
27865
-15717
144
505
9644
-31731
-8810
29023
7623
-23638
-7839
32474
-5076
-10412
-18820
-30994
31823
-1022
-21835
26674
16354
-1986
16068
15338
-24858
-1892
15202
-2577
13824
15302
20401
-3700
6816
-5463
21108
-28645
-25642
25264
4755
18270
-25700
9443
31241
-5475
-32668
-14534
8309
-6498
13334
32322
-12389
-13007
-4230
-15319
11082
-20335
23458
12001
-16940
22374
10658
26308
-21115
7638
32273
-14543
28317
32533
10610
14039
32685
16089
-12628
21182
-15824
-29011
-27168
3041
-8960
7911
3935
31243
30988
-3698
22984
17408
-1956
-21868
-6254
12744
-25809
25109
16867
6751
-19295
-22624
31483
-21056
5481
10506
1875
25684
-24320
26191
24129
-29628
-15719
17396
29908
32046
-636
20310
-19611
-1251
-12354
-25042
27818
12384
-8823
-24168
31960
-5515
25510
21227
8338
-32396
14039
11044
-13351
-32405
-10530
3119
-11399
-18189
10773
-5312
-5617
-3636
4463
16989
11543
2967
4022
18599
1178
11714
-9094
1896
-11487
-8856
24677
17215
1606
-11494
22532
-16422
-21259
-1203
-25973
-27246
20383
24217
-5536
10155
-14086
16086
-26798
21936
19875
14232
-2199
22584
-20598
-5096
-23247
19498
-17878
577
19394
31784
26320
-11346
5222
-14817
-7518
-20850
-18263
13155
-20712
-425
6983
-14115
7140
-24823
-11825
22769
21898
-6144
-2285
10763
18164
-20970
-15658
-4593
-25157
-11846
7474
23796
-906
19486
-31797
5836
6645
-12293
6732
29243
24015
12746
20020
-23003
2403
21627
-26258
16071
-6045
-8976
-18021
-25279
25899
-1016
23749
-7860
28332
32001
3005
-23776
17376
-10529
15387
-19705
-21035
-5302
15843
24302
9078
-29128
-27273
12443
-194
20571
-28927
22004
23758
14283
22990
-26792
3846
-13748
4245
-6822
7214
5744
28066
12739
11298
-6931
21682
-20960
-11618
-25648
12316
-30114
21914
11116
21624
4381
20539
10894
-29670
27695
829
4533
13462
-2633
-1083
-18059
-16341
25134
-5545
-13348
-14348
16061
3490
-12514
21505
11378
15735
25088
-7250
-3760
2419
-12848
-11441
2945
12953
13883
-30876
24414
-15394
-14918
-11369
-11299
-6680
26148
-15912
15416
28233
185
-16875
14980
-6691
-27414
22611
-15152
-29446
20776
14408
5577
-16670
-10356
16498
15881
-27415
-1137
9899
-25547
-32185
28179
6979
1856
5694
13648
-6180
25769
10493
2729
9600
-22443
-32286
-26605
-31595
5281
9995
-7369
-12402
-27574
-25386
9212
22431
18693
3483
-28029
-948
10789
-12057
-19441
31035
-22417
-18770
8725
-5451
4735
13558
-1325
-32647
-18650
17840
-7681
-13305
-7661
15786
6894
31111
6469
-29329
25905
22279
29910
18677
-24479
19075
-8295
17550
-25133
-27912
-18772
-5070
-15946
-8502
879
-5976
2933
666
5477
11669
-28055
-12395
-15096
8333
-31161
16140
-5122
8096
-17916
-740
-24545
-17418
-31367
8555
30052
9376
-8888
-7615
14933
-2431
-32209
30447
-32354
29871
25755
3279
30437
-20996
30169
5104
-32157
-18258
-9732
4776
-10769
22810
-14407
-358
21119
6585
-8375
18816
27828
4967
-17400
5640
21485
24264
18021
19191
29221
-8215
751
11974
-28753
-26186
9110
6367
16231
27000
14792
24397
31947
-22519
18002
-30508
18903
24533
29722
-27429
15417
-12947
15877
-24860
-25978
-32589
5697
-21670
12073
-7441
-30735
-9802
-5005
-25724
-6510
-1528
-1571
23996
32005
-32139
5241
-20340
-20935
-26675
-14287
-23216
12968
-20451
-14292
19530
3229
-17951
-21701
2939
-14792
14507
-2140
27284
-27450
21209
20031
32349
10706
-390
-6004
-1383
-16780
13024
-13435
3742
16274
10238
-7385
-24651
4162
-28773
-8409
7060
-10474
-7780
-17140
10408
8673
11803
11134
-18046
-30615
-18655
23804
29723
-8454
-17005
-8689
-18451
-18536
333
-18784
11987
-22844
-25120
-5144
-3976
-18143
-8620
26345
-4830
-4461
27263
-5685
-4878
-14680
-29666
14326
8662
-7183
-24089
17446
26949
-28342
-9905
-25609
13989
-19260
-22117
23689
5484
-15399
7828
9128
18140
-11486
-28365
-16814
-23297
-26148
-25010
-15650
22062
-9823
24625
-6305
6042
13089
622
-17771
30362
11129
-7221
-22165
-27837
-5378
-13289
22944
-8814
-7557
-24060
14089
-5601
-22052
-9145
-2608
-1841
15265
17197
-16691
3537
23515
-12857
1239
-1832
-8537
-3424
-18691
-26682
29640
-7795
-19584
-4686
19145
32638
12437
-27436
-17918
-16991
-10642
4324
-21552
-15910
11263
-12740
-1843
-12279
-30492
10273
-20604
32484
-25898
9803
-5231
7195
-2
1808
18638
-21040
5409
7256
7905
-27196
-13864
-5283
-27907
26472
19010
25297
-27295
-7133
-16984
21083
12111
-22127
-30362
19282
24123
6367
10868
6902
31113
-21077
7106
-9494
15020
32361
-21659
1439
-4589
-14620
3405
10380
15734
4746
-13783
11978
6603
26128
19496
-26495
8700
-27143
23721
-22811
30574
-13807
31132
22837
5447
24928
-276
-13299
-6340
29600
-5478
-22639
-4325
-21373
-32328
20355
-10799
17413
-26357
19303
30121
15777
356
567
-25281
-30596
21047
23367
-32689
19041
9490
20037
-8426
-22148
-19230
-27723
23636
3275
12469
28088
9753
-4870
8649
-12345
-404
1548
4025
12716
-5191
-9516
-19051
-9146
-4046
19148
-14213
-25856
29155
-20800
20176
-20955
21064
-3459
21584
27055
-5288
26104
-5152
-26164
5119
19549
-9304
-3657
-29252
-9575
-15601
28566
-12163
1762
22525
15135
-13168
-16960
-9334
-5945
17990
-5069
5900
6924
-23273
-27752
-28302
-26052
-31843
-8240
7428
-2774
26519
-7203
771
-8337
11521
-12258
15684
-16547
11964
-12212
4779
28057
-11725
1035
-25451
-28056
27992
-4995
9385
-15879
22964
-3241
-28449
23176
12033
-7863
18382
-15658
13628
-11255
6004
11215
26154
-11959
20127
2052
-2140
-538
26369
21849
-10439
31914
11687
14299
-5110
29613
11506
-509
27065
-18133
15260
-5182
14506
-1693
-22966
-24678
-18676
19852
-12334
9437
7203
25446
-10123
-8036
9523
17158
1230
14235
25380
-12180
32699
8844
-13850
-2553
-13045
-7029
21515
6928
-4215
6999
-8774
-11114
24399
8881
-21467
-3031
-10806
-14621
4734
-26373
-24285
10154
19803
21596
26815
12736
21130
-22728
-921
-32430
-32451
6085
-28802
-23608
-8666
30267
-27813
-11154
-14691
2541
-5997
31248
10528
15337
16542
-21441
-22054
12184
-20428
-22464
18688
-30394
-2841
-6861
16487
26562
21238
4339
-13405
-30493
31005
30346
-6289
-10335
22756
-28310
-10079
21361
9221
-26560
-3289
19222
8514
18971
3549
-17976
-22574
-16433
5000
-5361
2214
12631
-6743
-5955
1080
18607
4142
13481
-13009
25111
-2234
3916
-7198
-28427
10788
31040
28297
-23703
13020
-32082
-241
-1248
21281
10444
15087
3968
-21200
-30859
16059
-2054
-26820
13390
-14396
-20231
-1657
22997
7962
28923
-18544
-3072
-30672
2765
-15245
-19068
-16707
-24599
-27940
17511
11166
-3213
10714
1785
-11273
17172
12695
30278
8032
28783
24478
-15985
27467
-26040
-10240
6188
11531
13082
4688
20316
-31849
2250
2721
-25183
17857
-16548
-17965
23009
6529
32683
31886
-15197
-22248
-9416
-12860
-11241
-11344
14085
-6660
-3451
-32133
-27443
28230
5473
-15053
736
5937
29493
-5208
-6272
3850
-1618
17042
-21516
-15916
24922
-30219
31753
-20269
-26806
9616
-19261
18266
7638
-8835
24472
-12091
25783
-19874
-21880
-15573
-32000
1699
24548
29093
5110
24003
10350
-10783
4900
8263
28798
-29040
32356
26705
-3463
-17438
-112
16171
3436
-25124
-15483
-4762
12013
5811
-21989
15786
-26243
-32348
-17516
31421
31395
-18172
-4449
20886
30679
-9853
1734
22440
-12892
25309
-16287
-1882
9859
-28837
13793
-14860
-21129
24375
-10656
-3572
1661
-25664
31009
10247
-23819
-12730
-10205
16651
29327
-19970
2781
31246
10057
23844
-30252
-4614
21030
15917
29051
-25311
-17563
7915
-10988
-6654
-14464
10926
5453
-1790
-15853
-2707
-18598
-1899
24769
-17529
16099
860
-12172
27613
2380
-1424
-2743
5770
-21767
24613
25920
-32623
12585
130
-3697
-31462
10660
19177
-3553
53
-32635
3734
27242
-31677
-17722
-22018
-4137
-8832
12646
8576
-10834
20290
27443
-26744
-12022
-29194
19136
29384
836
-25043
10676
17110
-9714
-19797
12215
-29429
-27923
7904
24699
-1330
24667
19451
-15059
-12839
-15963
20143
-20871
9783
-10531
-12490
-3599
-29344
-17167
-7962
12350
-26625
-9092
9054
7644
243
26625
30739
-19490
-32574
-18179
3424
-13949
-21946
-27206
-22031
-15070
1917
24042
-11027
23411
-26073
28728
23909
1183
29924
-4534
30574
15088
11809
-12033
15600
25342
6219
4226
17467
-28339
9554
14383
15482
24767
-25699
9972
-15854
16798
4610
11978
24181
-15626
7653
27586
13322
-9872
2304
16985
-12325
31277
-19182
-29567
-18600
4374
26870
-32451
19849
24565
18257
17197
29042
-14054
-25394
-1029
-23932
10898
4654
-15615
-11277
-8686
-10014
10407
5484
-20492
-837
-22517
30985
19754
-28538
29071
27963
-11638
1304
2319
-2658
5373
3465
-26298
-8050
23105
-17959
-14308
15440
26220
7940
-7829
24222
-3843
4575
14797
-23159
8922
-28647
29583
1003
12758
-16167
30582
-24089
4805
14578
-1215
-2775
-23450
-18811
-1611
-156
5994
-8704
23986
30306
17638
-27780
24408
30995
27248
11333
22922
-13409
-30199
15667
31245
26638
-24319
-21490
24915
-14751
28481
-1926
12520
-5788
10321
30187
-6842
-12740
-13782
-27363
-19969
-31413
-5237
-5643
5422
4105
-15567
-12451
-21498
9597
-15705
-1656
10593
-22331
20495
13659
30797
-13019
-6596
-15816
11113
-26317
119
-15371
22436
-32546
9158
29212
-29834
18072
-8747
-374
-19331
-8778
-13342
4867
6687
20722
-8321
18144
5949
3583
2483
21169
-8980
-21249
-29020
-16540
-17268
27658
13788
-25410
-28205
-14261
6969
-12810
31518
26042
-6678
3379
22204
-21321
17994
-8127
-18971
10603
24902
18943
32314
-3021
603
12936
5994
-6098
7370
-15410
10248
6716
-26092
-28205
6948
3926
-1418
12789
13679
11296
-9810
29230
-11599
3020
-3201
-15189
8853
12574
29052
-3152
17433
12150
-1154
-4197
-23857
32085
-7467
-17011
32540
-31876
22880
27270
15441
-16904
-30237
16550
-17258
-31787
25071
10028
14610
-1509
-2856
-14421
9920
-17369
-16567
-13617
27946
11117
32308
-26538
16770
6683
-22698
-13553
-3152
13774
-27834
31127
13926
26964
30328
-25561
9097
28442
12452
813
14135
-13798
12550
29649
-9644
-11263
-23636
-26238
12123
15162
12323
4873
-9270
21314
-6249
8785
-10009
1174
595
20644
21816
-24829
21055
7447
-32356
1593
13599
29107
-22927
22494
-28550
-31417
-1014
22108
28698
3434
-32462
-3329
-11444
4672
11952
27540
-30661
1821
5481
17799
2548
29808
-19012
15203
18562
-21318
23779
9321
162
29930
9329
-9329
-9004
-851
22609
16161
-10690
-19055
-817
-26308
-5944
-32534
-29913
-4668
-25784
-26647
-1006
13711
-11388
-25924
-8475
-6133
7469
-22093
22239
-21348
15884
-1914
18920
15325
3451
-22323
5272
-24589
20211
1021
5966
-29447
-17523
18054
29739
7927
5633
23847
32217
-24382
-10797
-5634
-17987
-21952
25688
-14354
-13818
31065
16562
25629
-19066
25559
19156
5702
-21842
-29292
3252
3462
7100
-16758
4708
-28462
14397
9676
-24142
19416
-2390
-13837
19711
-21138
-6829
6261
7884
32442
18690
-32583
-32712
2838
-19531
-5072
10822
19582
-4546
2513
13478
-3896
-12419
2313
23282
7748
21187
5661
-15596
2288
-31521
-29747
18336
-20012
-1869
-22684
13154
6863
27187
-22755
-9331
10873
-4617
-8574
2081
-1405
-20141
3443
-6076
-3299
-20032
19483
-23452
12825
9507
24184
-20209
-14004
-18902
-10511
8342
5580
-7435
-2696
14700
-83
-26866
-8686
30647
21374
-10223
-14256
-2862
-20378
-588
-774
-20984
18107
21250
22031
3745
-26666
-25487
-24499
23974
13076
-2400
-5634
19335
16893
-1259
12706
30272
7627
-13218
25297
-26496
24841
-10305
-14918
-31261
-1438
12090
15242
11816
-14471
1031
-12006
-28904
23255
-18087
-2274
24793
-7403
14753
-8310
5675
-24310
-8809
22058
1194
21933
8575
-13925
-3020
23865
-237
26888
-22461
-20677
5766
-27495
10504
-4006
5682
-30433
-21214
-29114
-30970
-21016
5570
-23893
32070
-19916
14054
19069
2498
-7099
9610
11914
-31954
-2151
28000
12864
3417
13665
11094
-10259
-31933
-8285
-145
26022
20810
26667
18424
-27301
-13302
-7334
-7317
-6423
-28403
3795
24898
22228
-16787
-9821
-24080
-32649
15358
-17766
-28358
2298
-3389
-18822
-25590
15874
-5829
32185
19176
29985
-30281
-22976
-21563
28573
-14100
22612
-30252
1811
-26701
20495
-5301
-11540
-30322
-3400
-28846
-27421
-4028
-7702
-12767
7477
678
11266
-9540
23248
5317
-12817
-27671
-3425
-22920
-29444
32645
-24305
29711
10020
-496
-3020
-32363
-15181
4633
-19598
2145
699
27789
13713
-25202
10032
-10228
-23031
-13090
-28492
16450
16165
5354
-3420
-8743
-2093
9158
-23334
-27540
30496
10574
18730
29827
-20505
-7437
-29639
-26746
29344
28038
28916
8270
-3346
7612
23554
-25190
25108
14851
9384
1226
28891
-11086
25822
11213
-18974
-12492
-11299
-1083
-23685
22329
18300
-20005
11570
-8225
3143
-20494
-29353
-22255
13406
18880
20954
22764
12223
-31303
-6185
-18593
-9908
-6558
22244
24775
19906
-4591
-19728
15630
220
-25021
-6049
25077
1760
5102
24169
-13086
25200
18729
-26289
12545
-10518
31495
21268
-23433
-27214
-3299
1374
-2650
4509
-26793
-12166
-5148
-21941
-14837
17167
22472
-13065
-19878
25436
-25163
8687
-12973
-986
492
27040
3252
19670
-13990
-9895
-376
-1358
21213
-30098
-26753
28662
-28015
-21628
7252
10409
16929
11057
29081
-18187
1096
21799
23141
14543
1140
13188
-23054
2595
11385
21117
11352
26662
16298
-10426
-6284
13034
-31895
-28533
31252
-25564
26300
8763
-10710
16379
-15073
25033
-13339
-4220
-11423
1032
-15848
-21629
-18150
-32691
15300
24415
-30720
-31346
-5711
-25429
-30093
27152
-6465
28761
-18076
-7398
-2438
-17807
-13573
-10244
1020
12543
5755
-28595
9859
16588
-2532
4117
-8688
6524
-7680
-11516
-25808
-20471
-32228
22676
-7723
4143
17110
18286
6286
-31419
31946
-17820
9924
-26496
30533
30263
-30744
13918
-1787
-28225
-27772
23454
-16943
-17607
-10946
-25186
31697
30980
-9879
-26114
-5665
-8894
-17372
-22198
10325
9155
22886
977
-12728
273
-31750
-7481
21111
27133
-6841
4331
17097
-14888
-21134
-15147
-25388
32004
20699
-24267
-11374
31796
4546
614
23901
14470
-31602
23852
-22620
-13655
-20065
-1849
20216
12805
508
-12174
-266
-6924
-26178
30704
-7095
-694
-16711
11875
-30187
16519
-22749
-7613
-29368
26982
1202
25026
-29580
24776
19027
-123
-20903
-12590
-14963
8023
-17507
-21302
1514
-2366
5588
30581
19075
17509
-29731
18949
-27717
24430
-28061
-30896
-26732
8892
16093
-411
-31910
14621
-12702
-16125
25452
-9178
10632
-25593
-30698
21675
-28322
-18936
24625
-11428
-30460
-20338
-4029
22812
24132
22384
20774
-5615
-8774
-27550
4730
-30197
-22365
-26962
6193
-887
5565
15987
3223
-6686
-927
-21947
22047
-10472
18743
-20784
-21921
-9244
-22415
4780
16799
32021
19202
-32440
-5695
13161
381
-20249
-23098
17041
12071
-20448
28270
-28885
22855
-10864
-28332
17101
-24637
20745
-9962
7776
-5577
29079
30902
1557
-3924
12684
15699
70
28107
-2918
-1807
18084
16642
16292
17010
4277
854
-29154
-21810
-13223
25607
11803
-18181
19682
26473
-6559
-29052
-9433
28563
-860
30267
-4571
29570
770
13896
29385
-9681
-11525
781
857
-6140
-25972
-18887
9618
23161
1638
-30596
11579
4550
15050
22458
-16655
-14723
21158
-25816
-25480
-25503
16932
31369
32564
-15312
5045
-5691
-11116
-26572
-23338
10524
15427
-752
-28827
4879
-4620
-9502
31404
7866
-29488
10024
22187
219
21637
-9125
26303
-20502
-15461
11113
32291
31096
-32674
-5737
1269
12425
-28950
-6842
5261
-20533
11478
5474
7091
-9976
-9111
17139
28235
11786
-29542
-847
30481
-15108
13185
7220
-672
-8622
15868
-5890
403
23860
-31230
3223
-28386
1461
-13924
6479
27007
-902
-21905
29494
-9887
-4825
30588
26238
-5175
-23582
-22379
-2883
22147
17183
-8122
-23619
1721
-2536
28703
-31531
-5278
-12403
29610
2423
5130
-18712
-31833
13996
16958
-17048
-16489
-32022
25596
-26795
-27420
-11786
-9237
-299
-3809
5023
-20108
4366
19280
2842
-18342
-14197
-9755
15665
14446
-20131
-6929
-8118
17499
21284
4046
9266
12136
-29242
5738
-31497
-16497
6531
-4496
-26044
-23692
-17446
14487
24589
-19443
19542
17300
12239
32478
20571
-24901
-21620
-16865
-26833
-8414
26571
-12479
141
3683
-10071
-4992
-29571
19807
15211
-14805
11665
31385
-27646
3811
-28479
17194
30887
-2138
-28132
21929
14513
14469
28262
7867
10006
-7138
-20804
5588
24080
-10456
-8645
26367
-8997
4397
-11988
18915
5743
9440
863
-5477
17653
-31479
-14708
17350
-31970
-9289
11785
-3882
15739
-14697
-13322
-9143
-20795
21126
28828
31144
22562
24684
9579
-9452
7698
-17189
-29931
10907
27917
1057
-32534
25391
-4410
27577
-10286
14338
10523
-5423
-17579
-3366
21978
-20358
-3800
-16640
604
-14546
-4515
7789
2538
29262
29110
32408
-20650
20147
-12773
-1384
21378
-29623
15005
4226
-14971
25985
-28835
-28432
25883
-2741
-10077
10255
24995
7766
27975
11988
-25444
-12392
12349
7357
-21783
10717
-4348
22023
-15412
25405
8194
12146
-24454
22266
3395
-16676
-16142
-2674
2353
29437
-28428
26014
-9893
17041
32747
9115
-15242
-21472
10497
22831
-1176
11368
13513
-14901
1922
-21739
7532
19957
10482
9104
-6640
-5056
-27728
16034
14971
-7597
27101
-19311
6871
521
-25920
-14696
-7692
-230
-26142
-17253
-20711
-10609
-30915
-29088
15405
-18556
-30176
-8484
-6195
-16251
29881
-32384
-17178
-21976
-11944
-11876
-15333
12437
-17410
-4130
17072
15974
22307
-439
8318
13809
-9436
25270
-24097
-23018
359
10852
20765
-19298
-15253
12890
27235
-23484
-3716
23265
7540
-28507
-21902
-11030
28821
-27290
30979
2399
25902
-11936
21620
-21595
-11522
-2157
-26965
-8801
-3374
8864
22210
9991
28428
14755
196
-32356
29563
-7567
26283
14640
18995
-24122
-4369
19355
-30925
10866
5964
18429
13776
30563
-30687
-29495
24878
31205
28358
-18218
-31112
21653
-2554
-3293
28862
-29316
9213
3002
-9082
22896
-3761
-18185
-22719
30055
26014
-23298
-11880
-24034
-15156
15631
-26818
11881
3230
-30138
-20352
-1913
15000
6711
8104
11824
29435
1986
-11457
12709
-12217
-4950
-7192
-16932
-24192
19235
29361
2902
-3647
-7876
10985
-12471
-243
-13019
7837
24962
22865
-16453
-5248
-31465
-14276
-27316
-9456
-21200
21895
-18799
-13175
-4872
5745
-18517
29535
8591
-1922
-17442
-31153
-2508
-14380
-17429
-25577
19361
-28041
-10559
22019
29599
-9844
-20974
26496
-27528
-16375
9364
1975
-19974
-12802
-30621
-14897
-8067
-28407
21962
32552
8929
-15171
10704
14760
25729
27981
-17621
31167
-6087
-10078
-7811
-23291
2382
14535
24373
-22626
-32607
31595
-12556
-9231
-13331
-10203
20572
-1046
-26862
3249
-4311
1936
-10778
-30778
-8980
-12932
29132
-4292
8593
-6032
-12309
8974
14561
3432
15531
-25321
4947
-28461
-2135
-11875
31868
-11805
20232
-14165
-19840
22760
10778
-16947
8048
-17753
-10401
-31690
-9701
-5871
-29519
2229
5304
29745
-32274
-2169
-6307
31626
3210
-11441
1970
-9427
28301
9296
-946
20734
-1222
-3663
27421
-248
-4159
5040
-23006
11964
13733
17300
-16307
-26922
-8032
17283
21997
-13015
-32435
-21860
1345
32327
25675
18196
11018
22083
-23799
-32331
-3276
11322
19676
-23184
-15860
13578
-32137
-6716
4699
32264
-2266
-9147
10307
32622
11032
17054
-18556
-2664
-17690
-21216
22769
27434
12013
14491
6993
6023
15477
-11755
-14631
14180
-20952
-24489
-25884
-10008
8629
-18886
-15046
-24956
1145
-3460
-24936
-9195
16804
-1439
6909
27188
19178
-15481
-30555
-27565
14739
29270
-24312
-2603
-4032
2422
-21154
-1988
26917
-441
-15098
8104
22410
23614
-24064
-19719
14186
-21726
-29156
21993
-19021
-28255
-22433
18526
-16613
-16835
10395
12105
10927
5816
20154
15117
-14125
30437
11380
-7815
-21092
32052
3465
-14918
14550
6348
-30133
17387
19020
27243
-7896
16918
13745
14103
-24587
19338
-31361
23133
6918
-1994
21575
-11434
5536
620
23656
-26193
-853
-3425
22453
-25490
12958
-31964
-29401
-3146
24112
-18242
14476
2950
4704
12393
-1571
-6997
12449
30315
-25511
-24162
-31344
134
21960
32728
8270
4524
26335
19307
-24763
28360
24123
-9834
29891
-3780
-19648
5092
-6864
31130
-191
-6820
25541
32147
-12523
-2454
27569
-9161
-11120
7031
-32294
-13580
-31224
-9737
22285
27405
-7839
21365
17579
16198
-6829
4956
1281
1666
-15983
15301
5656
-6235
5130
15132
-4069
-20991
-24231
8383
29130
-30656
-22552
-8938
11515
-7565
16219
1279
22205
25393
2559
1636
21847
-10547
209
26949
-2179
-308
-14998
-5894
-13731
2787
-23025
-30787
-9010
-14581
13639
-27375
11145
11243
-23488
8792
-22643
-23495
-25418
-19923
-17136
-32438
-4641
-22589
14973
13555
27201
-30327
-1818
9331
32200
-24903
3744
29267
-23862
-25507
-22232
-28891
7658
-12878
-10378
-27039
14801
148
24126
-15985
2852
32753
6717
27513
11927
6240
-25248
-29885
-4939
14574
23174
-1787
-4624
27052
-10793
-3757
4492
-16688
-1838
28650
13874
-7596
4990
-4532
8193
5418
-8546
-991
-20977
14767
-16036
5053
10218
21244
22259
-27375
22927
2147
2131
-10758
22862
-7862
15269
31623
2423
-11889
-8796
26602
626
2887
15267
-24235
-16910
12854
-31066
31051
15224
12540
-20765
-31306
7408
21638
19479
-8560
30956
-6345
11292
13508
7433
21557
-25124
-26565
-19452
-29695
14261
-13447
-9595
7103
8254
8266
-4817
4573
24140
29105
29156
8573
-6649
-8188
12910
-9691
-3824
10871
-21130
-4918
-28769
4862
-32498
-20988
-25412
17032
-18249
-22970
-29820
-23463
-21093
-9080
5820
16262
10736
12894
21636
-29211
-20592
-7922
-3116
-14076
20262
-18919
-30442
-21406
2126
-3574
11619
13019
-30902
27298
-15619
-26774
-3137
19390
25525
647
-27416
-31275
12215
15630
-32465
-5128
25009
-24494
-20775
-16505
-4796
-16932
21501
12181
-20129
-29817
-31645
-2599
-19836
17466
-18477
-24986
22434
8550
-27782
32181
31949
-27657
7496
3235
-20921
27015
-27230
-1133
-16142
-21646
26136
6261
-6982
-28511
-18778
30189
-15919
-26316
5705
2595
2746
32665
32083
-16212
-21257
31782
1317
2396
-16743
-20611
-11706
-22183
30389
-25617
10428
-9967
29624
11548
32476
29070
17060
-32723
20774
-5742
18117
-11962
-26139
-7390
-12069
23900
28515
-1839
6575
-23006
-32432
-6430
9847
-10705
-6059
31984
11928
-16033
-12834
28087
-22990
-12444
6019
10204
11461
27738
-1128
8700
-27492
-20919
-6200
-20761
15665
-1343
14500
-28054
4605
20825
-7177
-30032
21166
17962
-7311
8791
-32231
14077
-10309
22182
4554
-4118
-10707
6601
-25463
-29882
18577
-3929
24544
-31203
11335
10332
3381
-15273
-6297
13625
20219
-20624
9331
-10526
-1895
-26572
-26842
-24453
-2951
-1277
-8262
-16251
-4656
-4170
-206
13257
24203
12827
-22918
32210
4315
-15415
-16640
7412
-11054
6549
15848
-28629
30721
-4484
20186
31556
-20208
-25616
-18049
-19997
-1986
-16975
-6223
6639
1387
-31157
-18729
16875
-30691
-3337
-1180
-8672
-25864
14871
22516
13185
12432
-32438
12534
16110
32477
-21940
-26125
29121
-6637
22855
15104
-21251
-28766
-27336
7603
15709
-25032
-5272
-26328
-21319
25665
9212
10258
23882
-12621
-20535
-19547
-4470
-31930
10776
30293
19151
26234
-17883
-31523
-31205
-14578
-23975
-24614
-8841
-4356
11863
23972
-31463
-3501
4400
-15338
8224
12001
-13940
-5499
-13790
-24610
-25946
-814
16867
-19174
25922
-32126
15579
5624
-11365
10376
-21614
9204
-7132
17372
-16861
18876
-13903
-18983
-28197
-12010
21939
31508
-5614
16901
-6043
25024
-5084
23329
10405
-27591
-204
23640
-5570
-31178
2082
9000
-5390
-26375
-27193
14219
-32275
-25527
23658
12982
31397
8804
31224
-6597
28002
-6788
-24827
28765
-20927
-17449
2411
-30083
-6234
-2105
18882
9328
-7679
-28463
-13605
-23804
32062
-3031
-20009
-4117
2976
10744
-21089
15909
21486
-1368
8804
-30938
19094
20474
-7101
-27698
-23064
9068
-17789
11133
-7097
-30501
30426
13893
-14325
-29531
-14098
-24921
-959
28557
-20923
-9858
5096
23008
-11318
-28342
-28355
-11711
-9285
-32612
-6529
5559
30188
-571
19059
15922
-14598
11213
4113
24952
26288
29624
-28074
-18406
-31337
10573
1614
-23336
-3948
-31345
-12236
8919
-7124
16157
-11483
-8319
-27576
-5674
-5203
-16099
-18464
-20093
-24931
30896
-7964
-16733
-9374
-16479
4770
-10334
-670
-811
22719
-16544
-30724
9662
2449
-16901
-21656
4893
-9429
3970
-14721
-30194
-28555
-22810
-15337
-23277
-4758
-4656
19931
-28198
-892
-14820
12595
-16835
32153
26280
20187
1171
-19740
-11852
-20305
-22872
19422
-6732
-16606
21513
-6754
12529
-29278
31850
-28766
24313
-15362
-20167
21095
9887
-8213
3907
20231
9182
7686
-20040
-9439
-26935
-13808
26650
1137
-5988
22347
25211
-16628
-9744
-16096
7205
-27836
25002
-25132
-29763
-8044
7165
-8321
-28000
17917
16708
-25669
9648
-23789
29480
-18331
23817
-23847
29536
-14680
-4109
-7239
18572
-27077
331
-15856
6505
11895
-9285
-13329
1736
-19563
-13653
15017
-17678
1888
-29912
25957
-29410
-1902
-25446
30999
-2494
23918
-4636
-6532
29803
15879
1748
22276
-30754
-31514
2845
-17196
23918
2961
-18088
1948
28190
32087
9741
-22758
-26922
-30212
9047
-18484
-2767
2205
-25131
-6433
-22720
12159
3950
-26222
9411
18277
-14329
4071
-5233
-12130
2986
24651
3062
-13250
-14107
29087
22803
-10086
-6538
23881
-23974
20965
32116
1891
26113
22167
13549
15970
22052
12668
17523
14155
-1680
25133
-30269
-17428
5737
-11936
-2608
559
-22123
5511
-22432
5807
-1914
343
-902
31105
-1076
-23581
24300
11694
-19146
-3752
-15209
27470
25887
20826
19970
30306
-17871
11877
19518
5417
-28402
-28107
20380
-30369
-1939
11678
7736
6646
9962
740
-25498
1441
29508
-30106
-20651
-32045
10718
-288
-2319
-24637
-325
-19822
5258
28733
13231
-29707
9747
-10962
-26329
20892
-31339
-8470
-27971
4433
13121
22420
-26384
26846
6484
-14948
19959
-24828
20458
9219
2993
799
24350
-30039
23548
3775
10445
-8439
17280
15591
10740
818
13518
859
31680
-29838
-16266
-29334
-7932
24452
27560
18211
-997
12366
1961
-5750
-8437
28467
-14255
-19834
19515
-32597
28452
-2604
-12594
-17085
19392
15447
7953
15993
-16257
29767
-6306
23563
6606
27663
-21543
-509
-2659
-11888
9119
11513
-28775
20632
30467
-16424
-29449
-28924
-25585
-6758
7294
-14008
10919
13161
-28749
-15087
-27515
27882
12131
9561
-26868
-3022
-31970
-18355
-23942
30736
17046
15410
443
9044
-27554
3770
-1632
-2256
-3558
2566
-4060
23239
10780
24366
-22311
-18925
19893
-5792
21508
3264
27491
19102
6339
16655
12104
-28298
-12732
-25305
-9635
10843
26190
30495
26467
15233
-22871
-22115
29571
-20903
-30795
-8689
23390
-1666
21962
23682
-28435
-32291
-14300
-12970
914
-14747
-11073
-25553
-1059
-23855
-29262
15366
-11787
-25577
-15671
29790
27215
-21610
-5633
12690
374
16988
-11689
16178
10079
13207
29124
-14792
-27498
-8899
11651
25264
-4283
-6594
4600
19372
-3337
9826
-4853
6429
9665
29965
31794
-29370
-10161
602
15713
-9556
-15522
20533
3922
27622
19813
29054
21619
-21501
-24143
2361
-10897
-15060
18498
-26087
16580
-5273
6927
26751
-29518
-14453
2979
-29712
32153
-180
-17457
28037
-3088
4146
22116
-5331
28854
27310
14262
11589
10815
-6845
-24782
1120
-9104
-20397
-32505
-17630
-20986
3528
23236
-4412
3158
-29377
-14280
11418
16450
-2207
7357
-22173
29438
-31872
-10978
2434
-29556
25971
1353
-22102
-23034
31692
29516
12411
-11988
-7575
3683
-19761
15995
-9815
-6243
-14102
-23879
896
14247
-15153
-11779
-15350
32705
24363
24895
-4907
6072
25355
30445
-18208
7126
-28027
12531
-5593
-7761
-23701
-21955
-19066
14024
29031
-26518
2038
-21458
-26584
10943
-32570
-16789
19061
-27949
11678
-23505
-9886
27123
15361
13334
-13461
-748
25702
27709
-6572
-11452
-25430
24553
27503
-9613
8516
2617
-9446
12197
12577
-3634
-17443
-28311
30649
-17490
9357
-29158
-11674
9293
9086
-6826
28398
-16172
-19722
24748
4810
25185
-3141
-12603
-8944
-6070
-31973
-482
16925
23202
-5757
-2144
-5589
17271
-1913
29788
26608
-25564
-471
-24738
20691
-16415
-9430
29500
-17309
-1846
16145
16084
-11767
8017
26472
-1790
24869
-24455
30890
-31158
7517
16209
-6738
-23795
-26707
6714
28580
-26083
-5276
3948
-24882
16729
-19015
-32537
31802
29044
19935
-12947
-4726
26556
-6689
-9758
22534
-29565
-6268
-17664
22291
12812
27168
-5711
-8241
19759
-19909
334
-21303
-6677
-23872
31689
20978
-16204
1833
-13127
14299
567
20262
2175
31074
-3963
28033
-16602
30584
-9999
18050
8861
28370
-22611
20086
18556
29000
-16712
2326
-8245
31800
-969
30064
1527
4472
-13641
9518
-5224
-24733
-27913
29671
18520
-29180
-29517
-20453
25307
-9861
-31845
12865
17823
28180
25532
25662
-26189
15868
22965
18380
14024
18711
31257
29672
-2002
-11785
-12611
11434
-22314
-31192
-23804
-24151
23060
-6607
16338
28421
29522
18778
19450
-5844
23390
3414
-22190
-8868
-26910
16424
-31383
-16389
3307
-11294
-22936
25293
-15398
19481
27166
28904
16689
-24148
-15075
-18488
22175
15683
28452
20017
13014
13934
-16686
-29176
13290
-948
-18599
9127
-21047
-2466
-22249
11428
-25383
22705
-26773
1009
-2008
-5265
14829
-21030
14823
32197
22719
-14662
-21712
30868
4188
11342
-12957
-12845
-1712
-11870
10213
-23258
-22539
1904
-26943
-26588
-26961
-30416
-24183
11955
-6134
14616
223
-6484
32611
-9762
-15118
-5674
-24979
-31085
-10204
5751
-22834
-19206
969
-8484
-10756
10670
10518
7123
-14831
4854
-13727
-8568
32606
-15933
7174
22862
-26386
-13308
6381
1278
-9812
-13771
6623
-24466
-11122
-21494
-31950
14873
19351
-31295
18484
27874
23044
-4023
-22801
32697
-25097
8970
651
22636
-7975
-31259
-5683
13692
-5939
-24600
-19467
6700
-23075
-7973
31419
15392
15747
16443
28009
31960
18839
16402
11767
-8216
-27564
-21899
-22812
2323
32546
12629
30855
19251
-17498
25459
-20462
-16990
-18069
32701
-16887
-21531
11100
-8587
32259
-31970
20214
28339
7608
-17820
-28424
14024
-13872
25500
162
-11402
30801
4255
-11581
16681
-13703
5627
150
-23941
10089
25880
-18225
-31519
7121
-22361
-25235
-25143
21855
29036
-25875
14380
32359
14792
31024
10493
12412
4222
1026
5980
-10666
3144
24343
-27202
13146
20159
-30612
-14609
28323
-9613
-16413
-17818
21600
23907
-24770
-11059
-5307
23580
3610
-17543
1191
32184
-5811
-5983
-12353
11255
8250
-28712
-20220
17346
10876
-3575
23657
-17242
-10544
23142
-870
-7306
-28200
-13887
3891
23268
31930
27077
20704
23163
-26344
-11350
-1987
1745
26590
-19271
30736
23221
21144
-5130
-32576
8444
5574
-28049
28190
10411
-7119
-8232
11045
-20199
-9938
7102
22234
8277
-26896
4007
-22653
29583
3085
29908
19464
5230
26120
10013
-29430
-23151
-28120
24689
24011
1351
10334
-32659
5113
-31686
-24457
-19108
-5694
17358
29723
-6042
-24573
1588
-31534
5016
-5762
-16845
-25754
-1889
31101
6777
-28147
-12725
16819
5040
29583
23083
-28572
-20517
-8445
-25069
-30640
-28181
5262
-6492
3502
32690
25709
22836
-4592
-21342
-23770
-10224
-32429
17637
-9004
30853
-9779
-13867
8297
-19360
-5376
8671
4862
13268
-11054
-24386
32676
-10699
-26426
14906
8425
26939
-9438
-17269
-13687
8184
-16579
-30686
-1155
12797
1062
18493
2064
27599
27763
-15210
-7560
17813
14112
19342
23756
8769
-17318
-22569
-23993
-25497
28717
-16205
-19401
-18540
-6067
10319
-16752
-28499
-12807
-28588
10441
-31618
-3808
18993
28208
-17588
-24628
-22222
20054
-31466
13454
-24961
11132
-15199
-1253
-11401
-27490
-16218
-32014
14525
-3382
9162
32023
8788
24809
-29667
20886
3166
17142
-13997
13853
-29361
22331
-31598
11918
28569
-32729
-11953
-7792
8786
-11260
-8743
18373
24247
24363
16746
29338
5166
30642
15809
18507
-9669
-9102
-29488
-17477
18695
18404
-25295
20895
28352
4247
-22645
22956
21259
21277
-12477
26888
26643
-6879
-25174
-1042
17252
3575
20777
18832
20591
26773
-17766
15002
25620
4215
-30313
18824
14687
21501
21258
30174
-14391
12567
15346
-21057
30377
14096
-10405
26398
13893
5635
-27527
-15192
-11063
15539
-6251
9988
-895
30370
31349
21117
