324
329
455
335
494
345
479
202
281
423
483
350
169
501
253
0
483
0
288
511
226
275
401
450
315
474
0
119
319
428
380
90
179
241
124
489
276
254
0
0
300
335
0
324
510
328
266
501
235
110
42
420
427
72
463
342
176
510
326
75
510
0
273
442
390
346
329
170
0
397
281
470
66
456
264
298
418
502
436
81
148
447
371
127
322
333
109
399
341
325
181
229
16
378
487
0
0
430
509
131
278
0
0
325
306
469
77
507
0
502
0
0
200
163
388
0
0
0
36
106
425
249
300
426
0
106
423
492
420
263
450
388
157
358
495
481
269
240
437
19
473
0
92
343
313
99
158
297
497
343
183
343
489
425
390
275
380
439
342
453
404
301
424
442
172
469
114
154
193
420
413
174
421
205
411
210
460
270
426
282
332
452
452
268
168
426
89
478
421
268
509
1
382
0
495
445
0
282
502
449
25
226
345
202
178
428
460
258
349
132
89
481
394
219
152
467
456
351
354
353
299
286
314
367
241
321
397
450
371
390
149
361
205
507
0
162
238
477
419
87
261
461
435
357
257
267
186
279
442
146
493
448
493
201
311
440
425
378
503
118
325
325
325
340
470
407
376
470
465
232
161
177
258
33
426
291
317
431
0
175
437
415
387
497
485
134
484
274
104
300
364
268
95
232
347
411
142
426
347
504
0
397
441
0
349
233
491
253
472
404
441
401
401
283
286
355
0
152
479
257
328
467
23
451
0
426
148
151
301
155
342
257
435
0
510
413
98
279
364
48
459
74
0
458
419
165
341
111
0
486
0
501
379
343
311
324
435
128
447
174
217
294
0
485
419
422
80
374
303
411
108
506
366
288
207
500
148
482
477
500
382
463
483
343
0
381
500
300
104
400
379
229
507
483
174
95
239
302
48
485
393
413
358
509
117
423
504
0
373
407
49
504
47
371
504
381
250
387
375
340
286
319
393
229
32
463
398
0
341
196
129
306
135
264
414
207
401
61
307
350
390
375
384
270
20
483
182
381
0
210
252
390
254
225
489
383
401
392
511
324
332
316
289
416
262
491
365
494
147
493
402
266
382
72
114
256
212
0
19
322
0
191
495
481
493
490
503
437
479
349
326
303
387
102
459
393
304
428
226
36
189
488
345
489
77
397
499
511
278
464
434
0
379
198
330
496
411
411
396
445
472
19
374
174
277
334
395
358
0
466
395
305
503
406
433
325
509
506
357
385
322
505
481
438
511
458
442
397
320
382
194
324
251
397
268
167
161
328
230
154
414
45
424
293
493
469
450
386
275
370
394
272
466
379
204
70
435
0
65
351
64
362
250
188
387
449
297
435
500
373
452
315
163
367
386
280
110
382
376
433
299
505
67
508
445
365
501
454
236
461
364
400
426
177
304
234
350
294
427
411
489
254
0
217
396
483
420
164
156
150
479
471
73
25
133
492
344
92
486
214
356
315
497
0
267
334
253
509
397
181
316
456
0
0
310
444
445
0
394
497
493
0
460
222
421
0
206
351
308
494
510
250
330
439
465
504
483
173
439
471
189
0
474
0
507
41
238
509
99
226
261
154
489
390
476
486
458
263
258
226
223
405
494
391
344
0
416
405
154
463
192
0
271
76
24
247
481
401
140
454
441
510
214
396
0
486
499
458
440
348
240
464
90
486
305
316
151
39
334
0
508
0
500
402
183
282
48
431
501
403
402
345
274
234
285
370
239
456
170
191
216
458
412
410
37
378
204
290
503
438
0
192
261
387
358
175
438
498
328
459
138
268
381
483
267
411
485
43
272
468
429
320
175
501
376
347
500
377
318
119
471
268
478
339
23
240
127
341
377
23
18
333
139
377
376
241
387
56
181
354
495
0
348
506
355
509
358
387
503
446
124
286
397
242
310
447
230
0
0
429
486
457
148
346
266
180
309
292
310
454
428
144
466
438
380
292
289
424
441
366
452
77
434
480
222
483
465
318
315
420
149
372
80
468
140
393
313
195
342
188
316
109
0
441
472
364
501
245
239
315
432
0
0
24
307
62
502
91
295
265
192
295
36
494
362
403
384
340
171
319
508
55
0
145
342
0
340
232
261
457
385
0
461
446
417
134
485
367
422
419
334
166
47
267
468
501
297
225
209
228
106
336
295
231
479
329
492
294
0
282
215
286
406
110
348
0
423
425
376
114
289
497
67
483
460
510
126
1
462
356
497
399
401
469
371
504
326
421
430
0
0
340
113
335
201
501
490
473
187
501
403
383
301
407
406
499
280
309
326
182
332
238
371
388
509
498
410
435
499
150
457
0
498
427
360
507
502
478
459
505
328
421
390
240
342
380
482
246
306
320
491
358
355
499
231
183
365
417
247
4
325
172
36
487
0
343
201
232
444
84
201
497
361
305
463
223
452
475
353
0
393
59
138
490
318
499
402
357
38
310
415
211
390
213
310
92
444
215
375
451
503
150
254
300
501
255
390
464
369
450
72
433
505
499
465
363
421
218
217
49
188
473
277
284
116
392
421
181
343
350
496
268
307
321
0
235
336
484
461
463
497
325
57
428
165
241
464
295
361
60
474
445
475
443
13
251
503
414
258
416
169
343
425
472
37
446
463
210
291
286
505
469
81
204
375
408
469
292
507
259
502
49
8
197
506
0
0
174
0
207
186
312
428
509
336
157
448
426
492
420
283
501
373
191
341
495
135
108
240
375
498
473
310
331
216
425
118
0
426
497
0
183
185
332
459
390
275
380
413
342
457
269
301
249
349
483
469
114
203
117
494
341
297
415
488
411
210
0
95
56
76
332
452
205
456
438
426
414
441
421
123
261
107
285
328
473
299
0
231
502
449
324
282
142
459
178
454
256
508
327
181
337
216
496
355
231
467
382
484
202
445
299
286
314
367
421
321
397
413
334
390
348
361
345
507
473
234
238
279
419
87
261
252
177
357
113
267
125
215
442
252
493
457
508
182
402
300
181
377
451
98
28
325
270
102
503
491
435
152
465
260
135
378
390
33
431
439
317
205
364
301
504
0
352
168
485
9
411
274
227
300
364
470
370
446
347
385
142
448
283
381
0
169
441
181
393
233
438
253
301
404
40
401
401
72
318
355
350
316
0
257
83
467
23
283
320
471
148
151
0
155
342
113
435
484
510
229
147
6
286
48
200
310
335
187
419
0
341
111
196
486
361
501
283
362
505
109
19
95
490
306
238
397
364
509
432
436
302
453
0
411
108
5
501
289
207
279
466
82
496
500
140
249
441
0
222
269
455
485
125
345
479
202
281
423
483
350
169
501
253
0
483
0
288
511
226
275
401
450
324
474
126
335
494
428
380
90
179
241
124
489
276
254
0
0
300
335
0
324
510
328
266
501
235
345
42
323
427
72
463
342
176
510
326
75
510
0
273
442
390
346
329
170
0
397
281
470
23
456
264
420
418
502
436
81
148
447
371
127
322
333
109
399
341
325
181
229
16
378
487
0
66
430
113
131
278
0
503
325
10
369
46
459
0
190
459
393
200
17
388
36
0
488
345
489
0
397
301
486
0
464
434
337
392
169
369
388
411
411
418
481
269
6
437
174
125
178
292
343
403
466
300
391
278
343
433
343
509
506
357
385
322
505
302
453
404
92
424
442
320
48
194
324
313
334
413
243
268
328
93
154
460
270
426
282
284
106
452
182
164
0
181
478
149
379
509
70
251
420
308
351
421
282
330
188
387
226
345
435
36
230
460
315
349
367
386
481
246
382
376
454
215
349
495
508
445
365
501
290
236
303
364
450
426
41
149
234
350
15
427
411
489
477
0
0
456
505
93
311
156
150
392
444
46
18
326
265
493
201
475
440
425
378
503
118
325
334
325
509
459
483
376
460
0
0
218
444
445
0
426
381
493
431
460
113
437
415
387
497
308
494
484
203
330
237
426
456
0
173
439
411
189
391
474
504
507
397
238
509
349
185
491
168
472
390
441
383
165
283
261
36
0
405
479
200
344
409
416
451
47
426
91
24
301
76
151
257
104
401
124
454
458
263
258
373
459
341
0
458
109
165
255
464
90
486
305
332
379
89
0
324
508
128
500
402
189
279
0
431
0
422
402
345
303
294
285
506
239
456
150
500
148
482
477
435
382
463
483
343
183
282
500
270
419
400
379
229
507
483
174
95
239
302
48
485
393
413
358
509
117
423
504
0
373
381
49
300
104
371
504
381
250
387
375
340
286
319
393
229
32
463
398
0
341
196
129
306
135
407
414
504
239
61
307
350
390
375
384
270
20
483
182
381
0
210
252
390
254
225
489
383
401
392
0
324
401
316
289
416
262
491
365
494
147
493
402
266
382
72
114
256
212
0
19
322
16
191
511
116
332
490
149
437
479
349
326
303
387
102
342
386
304
428
0
152
472
238
134
352
222
253
83
511
493
461
300
0
502
198
330
496
257
0
396
445
472
403
384
0
277
334
508
358
239
300
499
0
503
406
214
189
385
429
353
446
417
502
481
367
511
458
442
397
47
382
403
0
63
348
342
133
174
336
230
182
400
212
492
293
493
469
450
386
275
370
394
272
466
378
376
61
435
497
209
183
78
362
250
1
414
449
59
344
500
469
311
299
326
319
430
280
110
143
0
287
299
28
101
473
460
501
403
454
41
461
406
400
263
207
304
182
332
294
361
388
509
498
410
348
261
413
338
88
498
338
479
471
502
439
290
492
344
119
486
223
356
211
0
0
306
320
251
238
82
0
420
164
0
0
310
177
207
172
10
497
79
343
437
232
444
84
201
351
340
174
510
250
160
314
0
504
365
59
0
490
105
499
400
357
316
0
415
0
330
226
310
154
489
215
476
486
16
439
465
365
483
394
494
464
257
0
376
405
505
463
465
363
271
218
217
247
481
473
277
447
503
510
421
396
501
486
499
458
440
348
180
235
336
152
129
333
497
325
334
428
57
241
464
364
441
357
474
440
475
403
281
287
503
414
149
416
169
442
170
70
216
446
463
340
291
38
293
415
135
143
203
445
501
387
358
175
438
498
328
459
138
268
381
483
267
411
485
43
272
468
429
320
503
501
376
347
500
377
318
119
471
268
478
339
23
240
127
341
377
23
18
333
139
377
376
241
387
480
357
354
495
0
348
506
355
509
358
387
503
446
124
286
397
242
310
447
230
0
0
429
486
457
181
238
282
180
309
292
310
454
428
144
466
438
380
292
289
424
441
366
452
77
434
480
272
0
465
346
266
420
459
372
454
468
508
393
181
337
216
496
355
231
0
441
484
364
501
298
266
483
432
421
282
382
413
334
385
348
332
345
483
473
234
494
362
211
0
340
0
266
188
113
96
315
241
421
340
99
457
508
316
402
461
183
217
224
485
205
300
419
334
503
491
219
468
501
260
125
378
390
252
431
439
231
479
364
301
504
0
352
215
286
406
411
348
0
217
425
463
370
168
143
385
228
421
510
73
0
462
356
497
399
195
414
371
504
64
421
298
0
72
340
113
350
446
501
248
483
448
379
295
320
471
243
176
499
280
309
326
0
484
183
371
254
395
0
104
435
499
367
490
386
223
427
312
507
164
478
459
505
362
505
390
240
204
490
482
246
397
59
509
432
310
335
231
260
384
417
5
501
325
88
279
466
78
496
71
147
249
0
63
497
361
369
136
125
436
499
453
281
393
362
138
381
434
253
402
335
0
310
511
211
390
215
231
69
474
126
272
494
452
380
353
155
226
255
390
0
369
450
51
433
208
499
324
198
421
266
501
49
208
0
119
284
72
463
342
57
241
257
367
510
224
321
442
390
346
484
461
463
397
168
222
174
165
264
420
418
502
294
338
406
299
443
127
322
71
411
399
341
6
343
425
472
347
487
277
0
430
286
505
469
0
436
206
408
464
292
507
259
502
49
8
197
506
0
0
174
0
207
186
312
428
509
336
157
448
426
375
420
469
501
373
191
341
495
135
108
240
375
498
473
310
331
216
425
118
0
426
497
0
183
492
264
190
390
275
380
413
342
457
269
301
249
349
483
469
114
203
117
494
341
297
415
205
411
210
332
459
56
76
332
452
205
456
438
426
414
441
421
123
261
107
285
328
473
299
0
488
375
449
324
95
345
202
178
428
460
258
349
132
89
481
394
219
152
467
382
351
495
445
299
282
502
367
241
321
397
450
371
390
149
361
205
507
0
162
238
477
419
87
456
439
177
357
0
286
186
279
442
146
493
448
493
201
311
440
425
378
503
118
325
325
325
340
470
461
435
460
465
132
161
0
274
18
426
291
317
431
0
175
437
415
387
497
485
134
484
274
227
300
364
470
270
232
135
411
137
426
347
504
0
397
441
0
349
233
491
253
472
404
441
401
401
283
149
355
0
232
479
0
142
467
23
451
0
426
148
151
301
155
342
257
435
0
510
413
147
211
286
338
459
92
372
431
328
362
341
111
0
486
0
501
379
343
311
324
435
128
447
174
217
294
364
103
193
213
17
458
419
207
108
506
366
288
207
500
148
482
477
500
382
463
483
343
222
0
455
485
419
422
80
0
416
423
483
350
239
501
201
0
483
413
358
452
226
275
504
450
324
232
4
335
104
400
379
381
179
451
375
489
286
319
393
77
300
463
167
66
510
219
0
301
235
407
414
504
427
357
0
327
301
510
384
10
411
171
273
381
0
206
161
140
254
225
489
470
401
456
0
298
192
208
369
350
120
491
365
494
147
475
97
97
285
325
166
256
2
378
164
322
66
191
360
116
207
330
503
325
16
447
46
459
0
190
459
393
200
17
388
36
0
488
345
489
0
397
301
486
0
402
434
337
379
369
369
388
411
411
418
481
269
6
437
174
125
178
292
343
403
466
300
391
278
464
433
343
509
506
357
385
322
505
302
453
404
92
424
442
320
48
194
324
313
334
413
243
268
5
386
154
489
449
426
282
284
106
452
182
164
0
181
478
149
379
509
70
251
420
308
351
421
328
330
40
414
45
297
435
500
373
452
315
163
367
386
280
110
382
376
433
299
287
67
508
445
365
317
454
387
461
364
400
426
177
304
234
350
294
427
411
489
254
0
217
396
505
304
88
292
275
501
471
73
456
133
492
344
92
486
214
356
315
497
0
267
334
253
509
397
483
420
193
0
150
479
177
126
0
394
497
493
0
460
222
421
0
206
351
308
494
510
250
330
181
426
504
138
0
439
444
445
0
474
0
507
41
238
509
99
226
261
154
489
390
476
486
0
439
465
365
483
173
440
471
257
0
416
405
154
463
192
0
271
76
24
247
481
401
140
454
458
510
258
396
223
406
494
391
440
77
240
464
90
486
305
316
151
39
334
0
508
0
500
402
441
357
214
431
429
486
499
458
109
348
285
370
239
456
170
191
216
458
412
410
37
378
204
290
183
282
500
270
501
251
402
345
507
498
328
195
138
268
381
485
0
411
0
509
117
423
448
20
503
438
376
347
500
377
452
229
0
378
478
340
126
240
146
229
190
70
398
0
341
377
129
306
387
480
357
193
495
375
504
151
390
72
245
387
434
483
182
56
0
242
310
390
230
130
352
429
486
264
181
324
401
0
307
416
310
509
428
494
377
493
402
292
382
424
438
366
260
0
434
36
272
119
511
318
332
490
309
437
479
226
326
303
387
102
342
386
304
428
0
152
472
238
134
352
222
253
83
511
493
235
300
127
502
349
330
496
257
0
396
445
472
403
384
0
277
334
508
358
239
300
499
0
503
461
71
0
346
429
353
446
417
502
481
367
511
458
442
397
47
382
403
0
63
348
342
133
174
336
214
189
400
212
492
293
493
469
450
386
275
370
394
272
466
378
376
61
435
497
209
183
78
205
230
110
378
449
497
399
401
469
371
504
326
421
430
0
0
340
113
335
289
501
248
483
460
510
403
174
462
378
406
499
280
309
326
182
332
238
371
388
509
498
410
435
499
367
490
0
498
501
360
507
502
478
459
505
328
421
390
240
342
380
482
246
306
320
491
358
89
0
231
0
62
417
312
100
239
439
36
487
0
343
201
232
444
84
201
497
361
305
463
223
355
499
0
183
393
0
247
490
325
499
402
357
38
310
415
211
390
213
310
92
444
215
375
451
452
162
353
300
0
59
390
464
369
215
72
433
505
499
465
363
421
218
217
49
188
473
277
284
503
392
421
121
501
350
496
228
358
450
0
235
336
484
461
463
497
325
57
428
165
241
464
295
361
294
474
440
475
112
358
268
503
414
258
416
169
343
425
472
37
446
463
210
291
286
505
469
96
5
206
445
464
443
103
259
0
411
8
459
506
78
189
174
267
207
485
312
428
468
429
320
448
501
375
140
283
292
485
191
438
249
431
339
116
375
498
341
377
331
98
367
0
357
376
1
56
56
11
354
270
501
95
375
471
84
457
330
503
321
349
483
397
81
306
447
494
341
78
318
208
457
179
332
459
283
180
506
291
454
456
438
466
414
441
387
123
344
441
285
452
473
299
480
488
260
185
346
266
420
76
372
437
381
508
393
181
337
216
496
355
231
0
441
484
364
501
298
266
483
432
421
282
0
459
62
454
468
332
345
483
473
234
494
362
211
0
340
0
266
188
113
96
315
241
421
340
382
457
394
122
336
461
183
217
224
485
205
300
419
334
503
491
219
468
501
260
125
378
390
252
242
288
508
479
402
301
504
0
352
215
286
406
411
348
0
217
425
463
370
168
143
385
228
421
431
439
0
415
356
181
393
233
438
253
301
404
40
401
401
72
318
355
350
446
347
173
142
467
102
381
0
169
28
151
0
155
342
113
435
484
510
229
147
6
286
48
200
220
7
257
386
234
341
179
320
471
302
501
283
362
505
109
19
95
490
306
238
397
364
509
432
310
335
374
419
384
322
111
366
486
361
279
466
82
496
500
140
249
441
0
222
269
455
485
125
436
479
453
281
423
395
5
501
434
253
0
483
0
288
511
226
275
401
450
324
474
126
335
494
428
380
202
179
226
483
350
276
501
201
0
300
335
0
324
510
328
266
501
235
345
42
323
427
72
463
342
176
510
300
489
510
0
273
442
390
346
329
170
0
397
281
470
23
456
264
420
418
502
369
268
148
229
326
127
411
0
240
399
341
325
181
229
16
378
487
0
66
430
113
131
278
330
436
325
277
447
371
507
322
502
0
0
200
163
388
0
0
0
36
106
83
303
509
0
22
106
196
337
420
469
369
459
0
325
495
481
269
240
437
19
473
0
92
343
425
118
300
426
497
343
423
492
392
181
450
388
380
439
414
453
404
301
424
442
172
469
114
154
313
334
413
297
415
205
411
210
489
425
426
259
153
367
416
268
168
426
89
478
421
268
509
1
193
420
354
72
421
231
375
449
0
72
345
282
332
452
452
258
349
132
89
481
394
219
152
467
382
351
495
445
299
282
502
367
241
321
287
320
371
428
460
361
205
507
0
162
238
477
419
87
456
439
177
357
0
286
186
279
442
146
397
450
493
201
34
440
425
378
503
118
325
325
325
340
470
461
435
460
465
132
161
0
274
18
493
448
240
182
311
175
437
415
387
497
485
134
484
274
227
300
364
470
270
232
135
411
137
426
426
504
317
431
441
509
349
185
491
168
472
390
441
383
165
283
261
36
0
173
479
200
0
409
474
451
507
426
202
24
301
76
151
257
104
401
124
454
458
263
258
373
459
405
372
431
344
362
312
350
90
486
277
332
379
89
0
324
508
128
500
402
189
279
0
431
0
144
393
458
277
155
205
506
130
456
305
500
148
482
477
435
382
463
483
343
183
282
500
270
419
422
402
345
507
483
285
448
239
330
150
485
393
413
358
509
117
423
504
0
373
381
49
300
104
400
452
381
85
451
207
126
286
175
393
229
32
463
398
0
341
196
129
306
135
407
414
504
239
357
504
327
390
375
375
340
126
319
182
381
0
210
252
390
254
225
489
383
401
392
0
324
401
208
307
416
74
491
384
494
0
493
168
266
382
72
114
256
212
0
19
322
16
191
511
116
332
490
503
437
479
226
0
494
147
412
410
393
304
428
226
36
189
488
345
489
77
397
301
511
493
402
434
127
379
349
326
323
387
411
459
445
472
19
374
174
277
334
395
358
0
466
499
391
503
464
433
325
509
506
357
496
411
502
396
438
511
458
442
397
320
382
194
324
63
348
395
167
268
266
386
154
434
449
424
385
355
505
481
386
275
370
394
272
466
379
204
70
435
397
65
351
161
328
230
110
414
449
297
293
493
469
450
315
163
367
386
280
110
382
376
433
299
287
67
508
445
365
317
454
387
461
59
435
500
373
452
234
350
294
427
411
489
254
0
217
396
505
304
88
292
275
501
471
73
456
364
492
344
71
486
214
356
315
497
0
267
334
253
509
397
483
420
193
0
150
479
177
126
0
394
497
0
92
460
222
421
0
206
351
308
494
510
250
330
181
426
504
138
0
439
444
445
0
400
454
493
0
414
0
330
226
310
154
489
215
476
486
16
439
465
365
483
59
440
471
257
0
143
405
505
352
415
363
271
218
217
247
481
473
277
447
503
510
421
396
501
406
496
391
440
77
376
267
336
463
465
333
497
325
334
428
57
241
464
364
441
357
474
440
475
486
499
458
503
414
180
0
0
182
170
70
216
446
463
340
291
38
293
415
135
143
203
445
501
387
358
287
274
498
149
416
169
442
0
483
267
411
485
43
272
468
429
320
503
501
376
347
500
377
331
175
438
268
478
459
138
268
381
341
377
23
18
333
139
377
376
241
387
480
357
354
495
375
348
375
471
84
358
387
253
321
127
286
397
242
310
447
230
0
0
429
486
457
181
238
282
105
180
506
310
509
428
144
503
446
124
292
289
424
441
366
452
77
434
480
272
0
465
346
266
420
309
372
234
381
420
393
466
46
380
188
316
109
0
441
472
364
501
245
222
483
432
299
315
71
307
62
502
468
140
265
313
295
36
494
362
403
384
340
171
319
508
55
239
315
394
0
340
99
261
394
0
0
461
225
417
28
213
367
422
419
334
166
47
267
468
501
0
225
342
140
106
336
214
457
479
329
492
446
0
134
485
286
406
110
348
0
423
425
376
114
297
497
209
228
421
256
295
0
415
356
280
53
0
282
371
504
326
421
430
0
0
340
113
335
289
501
248
483
460
510
403
174
462
378
497
499
401
469
0
182
332
238
371
388
509
498
410
435
499
367
490
0
498
501
360
507
502
478
406
365
328
207
326
240
342
380
482
246
306
320
491
358
89
0
231
0
62
417
312
100
239
439
459
505
254
421
390
232
444
84
201
497
361
305
463
223
355
499
0
183
393
0
247
490
325
499
402
487
0
343
271
211
390
215
231
69
474
126
272
494
452
380
353
155
226
362
390
289
379
215
373
433
208
310
511
198
421
266
501
49
208
0
119
284
72
463
342
57
241
255
367
510
358
450
442
182
0
499
461
463
397
168
222
174
165
264
420
418
502
294
338
406
299
257
358
268
0
370
29
390
346
484
425
472
347
487
277
0
430
286
505
469
0
436
206
408
464
443
507
322
502
411
399
197
197
181
0
174
0
207
186
312
428
509
336
157
448
426
375
420
469
292
485
191
325
495
0
0
506
375
70
473
310
331
216
425
118
0
426
497
0
183
492
264
190
501
373
380
413
414
457
269
301
249
498
483
469
114
203
117
494
341
297
415
205
411
210
332
459
283
0
153
367
342
372
141
386
179
441
421
123
261
107
285
328
473
299
0
488
375
449
324
95
142
202
332
452
256
456
438
426
414
128
496
355
231
467
382
484
202
445
299
266
502
367
421
321
217
459
61
454
348
508
168
239
337
234
238
279
419
87
261
252
177
357
113
286
192
241
442
146
397
457
334
175
336
332
345
507
473
203
28
325
270
102
503
491
435
152
465
260
125
378
390
252
493
448
508
182
402
300
504
217
352
168
485
9
411
274
227
300
364
470
370
232
143
385
0
426
431
439
317
205
441
301
393
233
377
0
301
404
40
401
401
72
318
355
350
446
347
173
142
467
102
381
0
169
28
181
0
231
438
253
435
484
510
229
147
6
286
48
200
220
7
257
386
234
341
179
320
471
302
501
283
24
505
0
19
95
490
306
238
397
364
509
432
310
335
374
419
384
322
111
366
486
361
268
208
362
496
459
140
249
441
0
222
269
455
485
125
436
479
453
281
423
395
5
501
434
253
279
483
82
327
500
226
275
504
450
324
232
4
335
104
400
379
381
179
451
483
350
286
501
393
0
393
463
358
452
510
219
0
301
235
407
414
504
427
357
0
327
301
510
375
489
218
319
273
381
300
335
0
66
254
225
489
470
401
456
0
298
192
208
369
350
120
491
384
343
411
475
240
94
83
206
161
256
2
378
164
322
66
191
360
116
207
330
503
325
16
447
0
494
147
412
410
97
285
325
388
154
0
488
345
489
0
397
301
486
0
402
434
337
379
369
369
459
282
411
459
481
200
17
437
174
125
178
292
343
403
466
300
391
278
464
433
343
509
506
357
388
411
439
240
453
404
92
424
442
320
48
194
324
313
334
413
243
268
5
386
154
489
449
426
385
322
505
416
438
329
28
342
478
149
379
509
70
251
420
308
351
421
328
330
40
414
45
345
282
284
230
452
292
349
367
15
477
246
382
376
454
215
349
495
508
445
365
312
290
387
303
287
435
426
171
460
315
205
15
427
481
489
477
0
0
456
505
93
311
156
29
501
444
172
0
364
450
493
201
475
144
425
133
497
118
325
334
325
509
459
483
376
460
0
150
392
0
258
18
394
265
0
99
460
440
303
378
503
497
308
494
484
203
330
237
426
456
0
0
439
444
445
264
426
504
493
431
414
509
437
415
491
289
472
390
441
383
165
283
261
36
0
173
479
200
0
409
474
451
507
426
202
24
195
185
206
257
104
401
124
454
458
263
258
373
459
405
372
431
344
362
312
350
90
486
277
0
379
89
151
7
508
128
500
402
189
279
0
431
0
144
393
458
277
155
205
506
130
456
305
365
297
482
477
410
382
463
483
343
183
282
500
270
419
422
402
345
507
483
285
448
239
330
150
500
148
458
0
509
117
423
448
20
503
438
376
347
500
377
452
229
0
378
478
195
138
268
381
485
190
271
398
4
341
377
129
306
387
480
357
193
495
375
504
151
390
72
245
387
253
298
182
200
177
242
252
390
230
130
352
429
486
264
181
324
401
0
307
416
310
509
428
494
434
493
168
292
382
194
310
110
260
0
434
36
272
119
511
318
332
490
309
437
479
226
62
297
291
46
402
386
304
424
438
366
472
238
134
352
222
253
83
511
493
235
300
127
502
349
326
303
387
102
36
213
12
428
374
152
277
334
508
358
239
300
499
0
503
461
71
0
346
429
353
496
417
502
396
445
472
458
442
0
47
382
403
0
63
348
342
133
174
336
214
189
400
212
492
446
355
134
481
367
511
110
266
397
466
378
376
61
435
497
209
183
78
205
230
110
378
449
63
293
493
469
450
386
326
370
394
280
110
143
0
287
299
28
101
473
460
362
403
454
414
461
59
344
500
469
304
299
332
319
430
0
509
498
410
348
261
413
338
88
498
501
360
471
502
456
406
492
344
207
486
223
356
294
0
388
306
320
251
238
82
0
420
164
0
0
479
177
239
439
290
497
254
119
437
222
342
202
201
158
340
174
510
250
160
314
0
504
365
0
310
490
207
499
400
487
79
343
271
232
444
226
310
351
489
215
476
486
16
439
465
365
483
59
440
471
257
0
143
405
505
352
415
0
271
218
261
154
481
473
277
447
503
510
421
396
501
406
496
391
440
77
376
267
336
463
465
363
69
0
334
428
57
241
464
364
441
357
474
440
475
486
499
458
503
414
180
0
0
182
170
333
497
446
430
340
291
38
293
415
135
143
203
445
501
387
358
287
274
498
149
416
169
442
0
483
267
411
463
210
