7715
-2475
30363
12626
-8024
-3241
-30684
-3715
4112
-2658
21032
-7034
32676
-18164
-28985
9418
9688
-17413
9451
-22196
-8228
-23808
-28594
-5694
20961
27965
7783
7354
-18550
-6146
6434
-21743
-25822
-11450
16765
30777
31357
-11728
29878
-16526
-21548
-6601
-10736
-5369
10138
6670
-20771
-15486
16892
257
24833
-21641
5609
-9172
-7638
30664
8468
13189
-17288
23660
29756
-14725
-7930
17483
-23228
-27401
-27358
-22414
-31356
-5562
1464
14858
-5207
3439
6647
2204
-13167
-582
-8689
11443
24277
-18311
20089
3228
1954
-32083
18733
13739
18810
24983
22271
-5008
6101
-3775
-28743
10663
-32227
6361
-29577
7671
-24042
25749
22874
-21347
-6566
-15005
-15145
-24657
-23553
-26947
-490
969
-15718
-2277
-22776
14004
-23937
-9997
-20347
-31753
-25762
14302
8414
-11582
-29264
1669
-21060
-15404
3916
-8236
-23721
-24338
27741
-8722
428
25895
-5878
17876
-12756
8868
-21041
-24825
-22818
-29805
7816
-6270
-29135
-19636
2876
14514
14611
19169
28200
-786
21944
-5649
20610
25152
22058
986
-819
-28291
8281
-4589
22155
-10381
-17666
18362
-22214
-16325
-30301
-4876
16580
4494
26335
-27656
-22953
-27316
-18677
32324
14093
28853
-20628
12616
-29937
32007
19749
-17631
5681
14024
17831
-14836
-9696
31195
-8377
5170
19522
-21274
-7099
19722
-7340
8396
7992
-28346
-20358
11915
-7359
30660
30410
-2941
-14908
-28329
8281
9513
-2990
14363
-28052
25795
-32432
-31977
-6663
13864
11986
-7001
-5082
-20057
22911
24284
-20148
-31692
-10265
-1010
-27324
23361
-18170
-14408
-10289
22340
-21384
29715
16256
12320
20713
10667
27932
6341
-25079
-25960
-28711
-6046
26644
28015
-9294
26476
9383
-27145
-10937
-27367
25276
-10878
-5750
-20627
-17040
-6416
24008
-9787
-6818
32711
-14566
9729
-28658
16401
16931
-24149
-23274
-21676
20798
22200
-9197
-30620
-30157
29193
25451
14884
-29564
10774
17129
-13590
-16000
-31672
34
3270
21408
-22868
12779
15928
25932
17366
-17805
30316
-2626
17068
-19011
11376
20879
-3959
29003
31471
-8810
-15493
6387
3050
-26272
-20606
-20190
-3249
1208
18244
2642
18690
-4968
25237
19192
12420
3105
-13203
-18696
2219
12946
3110
3227
9365
-17768
-20960
3740
-6199
-21489
23573
7019
25263
30264
8734
7592
29299
25341
25688
-25837
23098
28829
22844
-25735
-29893
-13087
30451
2560
-4106
17068
-30384
-4404
-9769
15752
-5195
-8834
8445
-22036
-6211
13147
-25141
-15461
6951
25310
3949
31101
-16700
13646
18088
5660
14973
-8730
-30763
22030
-828
11837
-21624
13263
-1811
-10920
-20939
-24186
-18052
6505
7507
-24852
2150
91
-29714
-22560
-6659
7019
1149
28898
-8353
19967
18751
26655
10617
26331
31762
-17535
29191
-2579
6488
-2491
6057
-16651
32263
-27046
11214
18539
-27521
-6670
-6824
-564
-12820
22593
-16727
-14465
28512
21842
-27906
-25589
-29415
13570
21172
25376
-1491
21194
32765
-9332
10562
2622
-32178
10874
-21366
25699
15734
26213
15472
21193
18540
-19442
2223
-19950
8005
7925
-4903
11913
10774
8865
6873
6088
-2183
16576
-4168
3557
9898
31316
-25623
-26899
-32101
4602
7760
-1337
30074
-23341
-4944
6313
-2019
-4211
10725
-18565
21787
1246
-18757
7787
-1020
31077
19878
-27354
-11184
17915
-8244
23006
-14841
-17125
31194
3867
8099
6620
-30258
3208
-17948
-28463
-4493
-10373
20982
11980
20532
7103
-5651
-20648
-6429
695
-25843
-21112
8451
-18464
3405
5928
-2938
-4587
-269
-23468
4140
4838
22368
-27983
-11974
11621
-5604
6216
1348
-16228
15648
7270
-11936
-19955
22567
1127
11418
-14870
-4849
-28485
-17033
9020
-26587
11249
16664
-27126
21716
-209
31162
-19926
-16710
30804
12401
-4308
12404
2587
-18253
-7832
21444
-21507
-11220
1350
-31086
-32497
32304
-14900
26491
-7727
-12200
23729
-9282
3126
22088
8623
30774
-13671
6717
30149
9986
-13055
-8163
6735
26980
-28535
-32099
-14903
-18511
-29485
-10368
4290
-1127
-21533
-16472
-175
25984
-15126
27246
7517
-5590
-20600
-19676
-8603
31999
29099
28663
18070
29856
-26450
4237
-25264
-359
14922
10326
-29267
7495
14546
7673
-5306
13897
-23662
-18202
20540
-7041
-994
-9299
-29347
-2870
-25217
29379
-17644
-13936
-25942
15771
1699
27014
-10211
17208
-5225
-5343
2539
-13620
19457
30462
-31282
-22426
15367
-21846
22395
-29231
11854
-6376
26562
14425
-8405
-17182
17093
-2036
27830
28457
1091
26945
-3586
7824
-116
-199
29298
28712
3067
-5648
-2812
25944
-28516
18335
-21250
30729
-31196
20167
-11616
4066
14140
-29021
17016
27564
-3160
-5069
3351
21625
17886
3243
24198
-14174
21999
-32260
-30316
-28553
20741
-23686
5392
-20898
-30274
8040
10674
16571
22223
-31547
30463
-30614
-3953
-2166
26062
-758
18903
-10898
-31470
-28982
-11221
-14797
26851
27122
-18088
8519
21521
-2437
7634
-14816
-2693
-4142
-4464
-7861
15702
627
2670
6328
-5512
25670
-17342
-31410
-3533
2746
14085
12463
-1118
-22081
23191
1720
30818
21815
-20773
26980
22485
-3439
-17636
-16782
25125
31271
1336
-15184
22474
11520
-29500
-26165
-18091
-17015
24989
15438
-21271
-4856
11093
12806
26566
32035
31850
-12167
29522
10187
30154
29083
26519
-3123
-27738
1779
2252
13270
-24637
30071
-554
22388
-25951
-32370
22831
-4138
-12402
4861
27662
-3032
26634
26613
31401
24178
15590
-12627
1028
6529
-22664
25308
4329
-11802
-6454
-464
-7065
12853
-11179
-17496
16345
-15615
-12489
10605
-20528
4996
-6360
31627
6575
-5813
-29887
1835
29922
18221
32685
-3454
31557
-24356
903
10557
-25502
10291
-23106
-16740
10906
17414
-20609
-14039
6555
-12352
21264
19733
-10576
-30135
30792
-4095
1543
-24431
896
22836
1443
-6336
-8102
-29896
-8123
-85
19728
7774
-11585
23726
-25068
-1626
-7607
-24503
-29255
-7276
-3847
-31537
4665
16622
1928
-31523
-5997
-16591
-10196
-30563
-4556
-9577
-27204
-28374
18424
1912
-725
522
-22675
19440
29813
-7535
11886
-31914
-202
9102
-11373
3980
-13377
-32569
-20725
-1660
19512
-7337
-20118
11594
22936
8172
-30394
9763
-16584
4770
-27767
-5693
17744
-15210
7180
2429
15048
16853
27581
8657
17909
-23313
21253
4128
3163
-23620
-19773
-22103
-11910
-15434
31247
-5312
23964
14420
23464
-13380
1860
-24047
30029
12490
17296
-1203
20129
31723
-32480
-23752
6308
-21624
-12950
6189
30146
-32222
-26644
-8411
-24034
-25351
8429
20466
-8518
-30888
25489
2260
-28484
-16396
-3730
-31723
-21610
18754
27212
-4537
9684
-16990
-28068
-5041
18934
-18879
-21533
-5318
2963
24866
31657
-15419
-8796
15921
6998
-19463
-28108
-16823
27283
-23825
15010
9714
13462
9318
-17713
-17475
148
24147
2080
-2321
-24923
-26981
-15747
89
3991
10002
-24691
20901
13879
-8386
-1293
-415
31795
27558
-25563
2188
-5497
-30118
-14687
-28839
-18666
15818
22377
21645
31075
8404
27608
6134
-795
-22244
-24695
-14664
-27008
30436
3779
25530
-31101
16225
-29788
-21353
-27960
21793
16437
-29260
-26499
1413
20150
11996
460
32025
-20720
-5019
-8432
17585
-6638
26322
-11293
-22184
18106
-31705
-26323
10882
18048
26963
3600
-7591
-3404
-32387
-7891
21125
-19103
-5664
9699
-30254
16441
-5731
-27611
1864
-1385
21361
17878
-23234
7683
-31051
-29001
-29625
3942
-6231
7918
-2645
19595
11791
-27641
14134
4070
32076
-31030
-19013
5751
29380
-29931
-29752
-30125
26373
-12809
126
-11255
-31046
-14834
23297
-31995
-25561
-824
16772
9255
-5512
488
-13629
26042
-16747
-30169
14077
28076
6761
12947
22178
31767
13414
-26994
-684
-12335
18677
5853
23049
-15211
28314
18017
-15129
-1487
-17526
603
-15517
13487
-14824
-11786
20048
-30251
-7692
12499
16933
-21866
-20378
-15859
26849
-20594
-570
1902
-1024
-19796
-19102
-14959
5989
-17836
30832
14300
-529
16339
-24972
16308
-23631
-1038
1213
10910
12285
16875
17905
-16249
19058
-13663
9226
-26337
-4981
-26566
20613
28774
-16060
-7402
8912
21776
22967
26561
-24123
2381
8158
-18047
-31742
7376
29728
-23384
9452
-7662
-7689
-31658
-27673
-26694
17035
-27236
5981
-23620
-13535
-26156
17709
21577
-10762
-24678
116
-12421
9993
9302
12426
-27011
-3391
-19004
-16208
32125
14088
21777
8563
10843
-15764
2925
27709
-30803
14669
-19358
-23792
-2361
-8161
6670
7088
-31955
26030
11727
26920
9519
28474
-20747
-1781
27473
20003
10804
-18511
24108
29934
22152
16060
-5476
25961
-12605
-11091
29023
-19885
12057
3525
26132
5174
29247
-27153
-27115
-8275
-16172
18391
15443
-20178
-7634
-12418
5115
-23128
9345
9539
20967
13516
-2887
24076
30377
3207
921
-6697
-26915
-1858
20910
-31010
-4089
1999
-15912
-32421
-14545
-12847
-30247
-28595
-6303
25943
-29747
-25074
-2189
-1546
-16824
27024
-16147
-32438
30007
-23222
-27374
16152
8
-40
-9384
31866
9188
-28633
-7590
24069
8278
-32157
5281
10776
19121
31498
-31823
1374
22003
-26189
-16345
2397
-15794
-15111
25158
2256
-14732
2947
-13378
-14955
-20016
3842
-6368
5746
-20727
28645
25811
-24823
-4574
-17877
25933
-9005
-30988
5776
-32464
14574
-7908
6899
-13262
-32004
12744
13357
4546
15319
-10825
20418
-22991
-11978
17223
-22054
-10187
-26160
21266
-7638
-32118
14885
-28204
-32098
-10126
-13529
-32456
-15942
12634
-20896
15872
29211
27478
-2706
9147
-7492
-3935
-30902
-30877
3894
-22498
-17047
2457
22151
6616
-12239
25918
-25090
-16772
-6261
19601
22862
-31086
21420
-4972
-10074
-1439
-25382
24773
-26191
-23718
29736
15724
-16895
-29619
-31839
915
-19844
19693
1747
12854
25182
-27569
-11943
8823
24390
-31691
5970
-25025
-21102
-7993
-32661
-13837
-10763
13774
-32648
10880
-2950
11900
18442
-10773
5795
5617
3924
-3952
-16763
-11268
-2566
-3572
-18275
-704
-11588
9429
-1402
11915
9236
-24587
-17036
-1365
11618
-22043
16698
21513
1203
25973
27546
-20048
-24217
5860
-9645
14414
-15820
27299
-21701
-19530
-14190
2522
-22157
20670
5559
23589
-19322
18388
-251
-19319
-31274
-26320
11619
-4780
15207
7864
21179
18433
-13155
21109
706
-6513
14138
-6684
25087
12245
-22351
-21396
6580
2366
-10615
-17717
21341
15785
4915
25490
11955
-7075
-23455
1231
-19305
32026
-5820
-6267
12780
-6732
-29177
-23585
-12633
-19889
23281
-2403
-21124
26583
-16061
6414
9022
18480
25279
-25709
1475
-23356
8060
-28315
-31613
-2969
23776
-16888
10874
-14898
19705
21432
5603
-15357
-24302
-8614
29562
27610
-12051
363
-20202
29315
-21593
-23347
-13865
-22509
27061
-3840
14185
-4071
6947
-7036
-5452
-27723
-12336
-10832
7231
-21291
21238
11961
26081
-11973
30623
-21408
-10759
-21239
-4059
-20034
-10592
30123
-27291
-737
-4109
-13020
2953
1131
18253
16665
-24821
5879
13761
14591
-15793
-3162
12607
-21351
-10918
-15465
-24662
7532
4044
-2313
13300
11623
-2781
-12953
-13702
31354
-24265
15773
15427
11439
11550
7100
-25840
16263
-14995
-27951
145
17063
-14593
6917
27759
-22176
15188
29676
-20316
-14093
-5228
17037
10742
-16017
-15635
27797
1513
-9445
25762
32534
-27684
-6471
-1411
-5329
-13147
6470
-25533
-10190
-2365
-9150
22869
32327
26754
31829
-4931
-9980
7796
12813
28063
25863
-9212
-22431
-18237
-2978
28122
1259
-10633
12207
19833
-30591
22463
18788
-8399
5716
-4242
-13357
1800
-32449
19075
-17462
8184
13423
7986
-15452
-6569
-30602
-6010
29812
-25529
-21819
-29910
-18677
24697
-18631
8740
-17550
25559
28293
19265
5501
16406
8615
-442
6391
-2546
-169
-5169
-11175
28539
12598
15426
-8096
31587
-15684
5122
-7923
18355
1151
24734
17809
31841
-8051
-29545
-8979
9126
8124
-14584
2616
32700
-30279
-32710
-29481
-25314
-2896
-30272
21279
-29908
-5068
32157
18663
10211
-4576
11113
-22401
14823
809
-21072
-6159
8466
-18792
-27527
-4891
17551
-5383
-21381
-23863
-17897
-18737
-28763
8478
-493
-11601
29212
26527
-9110
-5909
-16122
-26835
-14537
-23933
-31857
23005
-17697
30840
-18524
-24444
-29722
27753
-14909
13075
-15377
25262
26167
-32668
-5697
22101
-12073
7863
31137
10147
5308
26018
6795
2034
1810
-23540
-31855
32639
-5093
20822
21412
27110
14669
23679
-12485
20794
14475
-19248
-2729
18221
22120
-2539
15171
-14278
2647
-26801
27624
-21114
-19792
-32047
-10658
875
6397
1796
17138
-12515
13552
-3319
-15770
-10238
7758
25032
-4113
29073
8513
-6689
10978
8161
17390
-10021
-8298
-11463
-10848
18365
31008
18884
-23772
-29260
8852
17005
9030
18647
18665
-27
18919
-11580
23258
25624
5383
4037
18450
8970
-25955
5205
4845
-26993
5705
5361
14862
30047
-14326
-8452
7435
24479
-17192
-26724
28831
10288
26010
-13597
19260
22441
-23288
-5168
15688
-7412
-8866
-17649
11851
28859
16961
23790
26550
25276
16032
-21990
9937
-24369
6517
-6042
-13070
-300
17787
-30171
-10618
7337
22497
28327
5527
13726
-22465
9163
7883
24363
-13702
5703
22394
9531
2912
2269
-15265
-17045
17163
-3299
-23381
13209
-1017
2085
8620
3935
19184
27143
-29340
7795
20086
4884
-18815
-32142
-12180
27436
18314
17436
11114
-3921
21936
15910
-10986
13074
2351
12637
30731
-9973
21103
-32484
26401
-9397
5445
-7006
387
-1379
-18285
21486
-4992
-6754
-7424
27563
14375
5741
28349
-26075
-18963
-24915
27698
7133
17047
-20735
-11769
22260
30536
-18946
-23893
-6185
-10468
-6690
-30621
21370
-6613
9963
-14570
-31975
21934
-1069
4983
14892
-2939
-10002
-15358
-4685
14218
-11481
-6394
-25945
-19418
26857
-8450
27144
-23307
23260
-30515
14151
-30632
-22368
-5136
-24629
602
13618
6770
-29320
5588
22782
4325
21660
32627
-20327
10900
-16940
26817
-18802
-29718
-15323
-315
-106
25687
30996
-20784
-23160
-32543
-18859
-9158
-19743
8787
22536
19739
28221
-23226
-2927
-12208
-27675
-9415
4958
-8151
12683
883
-1077
-3523
-12277
5481
10008
19395
9265
4532
-18925
14569
26067
-29155
20800
-19870
21275
-20813
3697
-21502
-27055
5708
-25940
5152
26164
-4809
-19372
9511
3829
29262
10072
15680
-28223
12600
-1530
-22081
-15051
13369
17311
9674
6119
-17480
5319
-5740
-6610
23273
28256
28667
26111
31843
8730
-7323
3273
-26119
7560
-455
8337
-11106
12258
-15354
16773
-11654
12366
-4290
-27842
12201
-549
25467
28495
-27527
5360
-8902
16273
-22470
3705
28706
-23176
-11657
8268
-17877
16121
-13163
11618
-5733
-10997
-25937
12206
-19646
-1579
2417
985
-25866
-21339
10860
-31518
-11186
-13813
5609
-29155
-11066
857
-26885
18368
-14924
5334
-14377
2026
23463
25003
19010
-19424
12391
-9196
-6739
-25082
10564
8393
-9049
-16718
-755
-13832
-25099
12467
-32196
-8430
13999
2969
13214
7471
-21345
-6858
4431
-6553
9237
11454
-24108
-8843
21760
3446
10941
14764
-4531
26818
24786
-9767
-19445
-21421
-26377
-12238
-20802
23187
1059
32698
-32704
-5602
29069
24019
9151
-30224
28085
11622
15120
-2221
6500
-30747
-10152
-14990
-16042
21818
22372
-12065
20899
22732
-18210
30733
2864
7101
-16360
-26221
-20861
-4316
13423
30826
-30866
-29969
6665
10576
-22369
28790
10436
-21007
-8726
26560
3637
-18716
-8159
-18462
-3191
18363
23077
16879
-4876
5647
-1817
-12389
7053
6402
-850
-18607
-4142
-13052
13495
-24654
2415
-3678
7480
28607
-10479
-30748
-27987
24157
-12592
32226
707
1686
-20901
-10152
-14798
-3544
21641
31225
-15607
2131
27254
-12910
14668
20231
2122
-22651
-7696
-28503
19003
3444
31126
-2297
15753
19461
16888
24936
28156
-17015
-10811
3444
-10714
-1344
11757
-16808
-12194
-29980
-7766
-28300
-24046
16406
-27185
26422
10653
-5854
-11146
-12734
-4356
-19971
32332
-1777
-2487
25677
-17495
16759
17965
-22669
-6529
-32417
-31698
15310
22344
9731
13101
11662
11684
-13986
7117
3959
32449
27845
-27769
-5290
15270
-512
-5452
-29288
5508
6691
-3516
2121
-16551
21735
16384
-24421
30479
-31628
20647
27196
-9364
19692
-17827
-7407
9314
-24108
12392
-25279
19874
22232
15788
32286
-1293
-24137
-28745
-5110
-23786
-9925
11246
-4530
-8095
-28655
29425
-32128
-26284
3973
17511
112
-15709
-3080
25621
15882
4957
-11599
-5440
22493
-15722
26664
32646
17516
-31349
-31055
18285
4799
-20440
-30178
10101
-1251
-21992
13271
-25014
16607
2353
-9616
29013
-13294
15140
21438
-24049
10656
4056
-1478
26035
-30755
-9852
23819
12834
10640
-16152
-28960
20460
-2395
-31023
-9630
-23532
30759
4778
-20552
-15458
-28546
25673
18068
-7525
11228
6858
14954
-10444
-5207
2187
15912
3216
19030
2209
-24434
17760
-15839
-476
12589
-27608
-1879
1749
2831
-5491
22233
-24535
-25424
32694
-12438
119
3697
31525
-10163
-18816
3922
83
32760
-3298
-26743
32130
18003
22411
4499
8970
-12265
-8142
11087
-19888
-27108
26744
12332
29705
-18925
-28994
-621
25274
-10607
-16636
9840
20069
-11721
29881
28303
-7551
-24544
1556
-24412
-19061
15059
13208
16413
-20092
21304
-9575
11030
12814
3797
29765
17433
8463
-12301
26833
9092
-8935
-7360
-171
-26162
-30397
19547
-32721
18436
-3057
14459
22170
27527
22473
15460
-1571
-23558
11488
-22948
26470
-28560
-23687
-1009
-29759
4798
-30154
-14670
-11307
12327
-15262
-24936
-5920
-3783
-17340
28661
-9483
-13972
-15083
-24426
25705
-9629
16279
-16326
-4263
-11491
-23904
15626
-7223
-27300
-12817
10341
-2304
-16549
12531
-30869
19646
29859
19107
-4115
-26368
32500
-19841
-24368
-17751
-17197
-29042
14228
25394
1236
24118
-10586
-4226
16124
11613
8843
10462
-9981
-5109
20912
1306
23018
-30612
-19563
28879
-28576
-27828
11746
-1064
-1944
3156
-4900
-3155
26629
8266
-22680
18077
14308
-15014
-25723
-7940
8012
-23730
4107
-4385
-14407
23434
-8542
29060
-29241
-546
-12489
16468
-30333
24438
-4322
-14109
1329
2978
23567
19305
1952
453
-5579
8909
-23575
-30096
-17306
28239
-24352
-30919
-26916
-10881
-22717
13865
30637
-15241
-30831
-26197
24740
21613
-24654
14858
-28196
2254
-12047
6087
-10321
-29699
7217
13189
14106
27458
20314
31615
5415
6071
-4962
-3847
15916
12583
21587
-9116
16099
1875
-10441
22798
-20113
-13308
-30302
13464
6895
16098
-10611
26684
122
15692
-22039
-32540
-8787
-28822
29983
-17711
8952
881
19331
8940
13580
-4390
-6268
-20635
8777
-17705
-5772
-3226
-2483
-20883
9166
21528
29462
16686
17761
-27210
-13295
25611
28516
14701
-6544
13188
-31015
-25924
7003
-3054
-21879
21661
-17524
8588
19406
-10143
-24437
-18811
-32153
3021
-329
-12918
-5568
6389
-7053
15841
-10248
-6541
26529
28620
-6561
-3429
1903
-12655
-13195
-11022
10037
-28930
11963
-2550
3471
15421
-8718
-12163
-28915
3578
-17086
-11646
1154
4594
24298
-32085
7816
17244
-32049
32129
-22408
-26866
-15000
17305
30638
-16267
17407
32142
-25071
-9796
-14131
1509
2998
14888
-9897
17820
16567
14043
-27798
-10966
-32007
26693
-16428
-6426
23133
13553
3662
-13361
27981
-30916
-13640
-26626
-29869
25653
-8725
-28011
-12124
-451
-13794
13909
-12550
-29163
9644
11764
24015
26581
-11812
-14838
-11888
-4745
9717
-21140
6466
-8491
10373
-1071
-402
-20431
-21799
25287
-20636
-7240
32464
-1087
-13233
-28819
23134
-21994
28698
31899
1491
-21608
-28316
-2971
-32591
3672
11666
-4672
-11497
-27055
31080
-1399
-5401
-17799
-2132
-29385
19495
-14853
-18323
21819
-23578
-9321
321
-29517
-8971
9781
9230
1126
-22105
-15711
11014
19287
821
26643
6048
-32602
30292
5049
25963
27098
1381
-13222
11674
26243
8868
6210
-7169
22556
-22072
21414
-15374
2133
-18920
-15024
-3216
22730
-4858
25093
-19784
-664
-5966
29774
17824
-17544
-29355
-7917
-5222
-23676
-31944
24763
10797
5840
18148
22092
-25434
14579
14307
-30595
-16161
-25173
19066
-25261
-18964
-5494
22211
29642
-3132
-2971
-6735
17252
-4561
28937
-14300
-9579
24427
-19091
2556
14093
-19709
21516
6993
-5939
-7818
-32251
-18330
32699
-32617
-2508
20034
5397
-10806
-19135
4592
-2054
-13478
4086
12878
-1920
-23082
-7731
-20799
-5625
15596
-1800
31866
30236
-18336
20409
2170
23170
-13154
-6461
-26753
23092
9710
-10504
4986
8962
-1670
1816
20559
-2962
6345
3305
20469
-19309
23577
-12647
-9215
-23841
20612
14470
19202
10902
-8064
-5116
7868
3039
-14191
589
27223
9071
-30325
-20869
10525
14709
3266
20470
1012
1216
21304
-18059
-21056
-21707
-3432
27000
25900
24742
-23706
-13071
2786
5788
-18846
-16444
1685
-12424
-29988
-7521
13670
-25115
26660
-24841
10486
15396
31410
1817
-11581
-15172
-11565
14891
-723
12357
29325
-22927
18417
2314
-24379
7448
-14456
8745
-5175
24683
9261
-21743
-1031
-21566
-8189
14205
3130
-23483
613
-26455
22760
20964
-5699
28003
-10059
4371
-5365
30887
21601
29575
31334
21416
-5144
24070
-31766
20150
-13704
-18775
-2071
7510
-9121
-11660
31954
2368
-27604
-12359
-3113
-13577
-10802
10534
32434
8756
218
-25566
-20677
-26175
-18080
27393
13788
7548
7673
6738
28900
-3795
-24631
-21894
17040
10330
24477
-32404
-14938
17959
28358
-2148
3868
18999
25716
-15874
6223
-31688
-18683
-29985
30741
23198
21984
-28573
14306
-22261
30560
-1317
27211
-20245
5631
11721
30748
3904
28984
27421
4467
8146
13212
-7477
-204
-11266
10047
-23207
-5079
13326
27770
3651
23181
29598
-32156
24695
-29235
-9534
496
3459
-32708
15546
-4150
19771
-1705
-228
-27532
-13713
25618
-9627
10382
23494
13282
28492
-16179
-16089
-5330
3667
9224
2494
-9018
23788
27998
-29986
-10316
-18334
-29604
20911
7931
30030
27186
-29267
-27798
-28452
-8180
3832
-7307
-23238
25341
-25069
-14517
-9384
-718
-28891
11586
-25420
-10772
19331
12706
11730
1512
24171
-21830
-17842
20114
-11222
8510
-2773
20733
29809
22425
-13215
-18664
-20496
-22352
-11813
31340
6563
18797
10198
6741
-21962
-24275
-19636
5092
19979
-15228
125
25528
6547
-24749
-1565
-4964
-23901
13467
-24715
-18729
26700
-12545
11027
-31378
-20845
23881
27234
3802
-936
3026
-4162
27293
12543
5600
22170
14837
-16789
-21994
13405
20004
-25196
25309
-8458
13163
1056
-94
-27040
-2911
-19293
14119
10201
763
1838
-20856
30291
27248
-28287
28519
21779
-6862
-10337
-16684
-10670
-28647
18670
-914
-21743
-23141
-14301
-830
-12798
23284
-2465
-11033
-20688
-10866
-26398
-16117
10750
6685
-13034
32202
28949
-30942
26073
-25872
-8269
11087
-15886
15475
-24741
13721
4644
11861
-666
16108
21629
18584
32727
-15028
-24296
31231
31664
6043
25919
30402
-26715
6944
-28535
18402
7701
2825
17909
13915
10630
-716
-12115
-5755
28747
-9387
-16350
2666
-3765
8910
-6271
7763
12027
26301
20706
32528
-22549
8225
-3794
-16780
-17790
-6029
31419
-31550
18265
-9452
26899
-30149
-30263
31021
-13584
2295
28583
28011
-23154
17442
17607
11449
25647
-31626
-30980
10225
26543
6018
9340
17789
22700
-9844
-8788
-22375
-519
13170
124
31797
7863
-20708
-27133
6904
-3983
-16755
15021
21308
15483
25602
-31815
-20299
24479
11866
-31503
-4053
-145
-23451
-14084
31877
-23482
23014
13927
20531
2227
-19840
-12744
-73
12671
475
7107
26256
-30499
7325
804
17089
-11426
30684
-16120
23150
8082
29739
-26478
-876
-24605
30010
-24776
-19027
463
21016
12925
15252
-7522
17755
21785
-1054
2876
-5185
-30407
-18613
-17131
30137
-18450
27997
-24121
28387
31078
27064
-8654
-15722
799
32419
-14123
13112
16560
-24953
9545
-10142
25593
31196
-21174
28682
19443
-24123
11906
30919
20843
4357
-22391
-23742
-22144
-20432
5995
9256
27796
-4424
30517
22856
27320
-6104
887
-5334
-15987
-3161
7103
1239
22047
-21808
10911
-18707
21271
21921
9587
22616
-4548
-16355
-31937
-19001
-32599
6056
-12856
82
20472
23453
-16542
-12071
20631
-27877
28885
-22608
11354
28657
-16602
25039
-20388
10000
-7466
5992
-28868
-30512
-1344
4234
-12592
-15255
145
-27732
3369
2259
-17922
-16289
-15992
-17010
-4218
-464
29618
22179
13438
-25535
-11370
18686
-19183
-26008
6922
29473
9651
-28346
909
-30079
5044
-29293
-486
-13393
-28993
10102
11646
-280
-507
6636
26200
19245
-9168
-23161
-1403
30932
-11095
-4089
-14587
-21961
16980
14780
-20730
25981
25721
25967
-16637
-31008
-32270
15786
-4605
6166
11228
26930
23606
-10021
-15013
1010
29243
-4710
4963
9927
-30932
-7829
29934
-9561
-21977
72
-21351
9630
-25834
20598
15466
-10907
-31846
-30632
-32419
5840
-1010
-12425
29361
6850
-4802
21039
-11400
-5285
-6917
10243
9318
-16654
-27923
-11358
30010
1276
-30161
15556
-12684
-6845
812
8905
-15576
6375
-212
-23422
31479
-2792
28725
-1345
14299
-5981
-26666
1279
22236
-29396
10254
4825
-30231
-25862
5176
23638
22435
2894
-21793
-16913
8623
23714
-1346
3007
-28619
31988
5608
12906
-29289
-2074
-4647
19109
31914
-13690
-16511
17542
16830
32100
-25278
27003
27877
11965
9569
758
4092
-4843
20614
-4075
-18826
-2386
18780
14663
10169
-15224
-14059
20254
7273
8559
-17214
-20832
-3573
-8967
-11656
29730
-5478
31682
16843
-6265
4916
26120
24064
17883
-14106
-24081
19836
-19361
-16963
-12023
-31982
-20216
25132
21620
17306
27317
8778
-26070
12777
125
-3200
10503
5413
29853
-19807
-14752
14867
-11211
-30917
27978
-3466
28962
-16721
-30653
2632
28494
-21718
-14513
-14129
-28262
-7601
-9818
7251
20900
-5273
-23839
10877
8985
-25985
9454
-4003
12110
-18579
-5282
-9257
-646
5701
-17168
31684
15008
-16931
32304
9792
-11294
4101
-15271
15198
13582
9268
21173
-20736
-28576
-30902
-22274
-24176
-9100
9854
-7397
17693
29931
-10555
-27702
-771
-32596
-24980
4758
-27577
10503
-13913
-10060
5793
17747
3509
-21593
20586
4221
17071
-165
14546
4930
-7433
-2357
-28869
-28877
-31970
20903
-19846
13177
1424
-20977
30024
-14933
-3908
15326
-25635
29281
28779
-25710
2883
10544
-10153
-24614
-7766
-27806
-11960
25595
12392
-12194
-7015
21896
-10282
4832
-21513
15641
-25258
-8188
-11860
24502
-22066
-3175
16683
16399
3060
-2119
-29096
28607
-25694
10364
-16739
-32246
-8832
15604
21977
-10388
-22812
1271
-10878
-13207
15139
-1525
22103
-7023
-19525
-10172
-8769
7014
5475
28112
-15712
-14860
7963
-26615
19672
-6592
-55
26002
15192
8192
370
26391
17694
20711
10831
31184
29543
-14920
18681
30612
8963
6648
16532
-29458
-32757
17183
22477
12378
12129
15333
-11954
17410
4418
-16561
-15748
-22032
840
-7868
-13485
9910
-25144
24432
23512
69
-10472
-20563
19477
15479
-12407
-26885
23760
4217
-23064
-7540
28807
22237
11030
-28497
27800
-30651
-2133
-25401
12171
-21275
21637
11845
2584
27037
9264
3716
-8688
-21700
-9691
-27939
-14245
-196
32629
-29121
7957
-25937
-14311
-18825
24122
4766
-19074
31395
-10843
-5508
-18165
-13356
-30145
31189
29864
-24610
-31057
-28129
18544
31239
-21242
2554
3533
-28463
29657
-8888
-2821
9311
-22880
4139
18672
22719
-29989
-25584
23411
12011
24312
15486
-15195
27143
-11604
-2783
30509
20859
2235
-14498
-6711
-8104
-11624
-29272
-1598
11457
-12709
12217
4986
7298
17015
24495
-18726
-29361
-2880
3753
8072
-10648
12891
712
13388
-7378
-24962
-22540
16948
5729
31734
14516
27753
9475
21673
-21895
18891
13518
5297
-5627
18817
-29109
-8094
2265
17865
31645
2900
14561
17879
25965
-18981
28480
10973
-21566
-29195
10145
21398
-26054
27700
16844
-9250
-1821
20287
13136
31034
15194
8482
28612
-21551
-32342
-8440
15596
-10278
-14501
-25576
-27614
18037
-30899
6255
10504
7900
23769
-1961
-14267
-23864
22627
-32736
-31175
12910
9303
13752
10434
-20197
1495
26862
-3177
4656
-1654
11110
31230
9432
13190
-28783
4424
-8504
6513
12703
-8755
-14409
-2965
-15149
25672
-4452
28906
2434
12157
-31366
12172
-19991
14486
20127
-22440
-10407
17375
-7588
18114
10606
32197
9701
6033
29757
-1752
-4885
-29658
32730
2608
6484
-31269
-3210
11727
-1784
9706
-27859
-9150
1343
-20284
1715
3864
-27387
688
4584
-4662
23509
-11846
-13408
-16975
16632
27262
8502
-16822
-21562
13475
-32636
21992
-1184
-32327
-25401
-18178
-10525
-21635
24039
32513
3587
-11147
-19239
23599
16247
-13081
32622
6850
-4215
-31990
2493
9447
-9943
-32152
-10762
-16822
18691
3075
17827
21642
-22343
-26930
-11696
-14060
-6552
-5514
-15128
11940
15122
-14012
21424
24879
26325
10391
-8464
19169
15307
24992
-1145
3633
25415
9395
-16804
1848
-6435
-26737
-18671
15907
30757
27589
-14438
-29194
24463
2860
4136
-2021
21278
2442
-26459
704
15356
-7731
-21951
-23209
24436
20150
-13842
22088
29468
-21643
19111
28741
22710
-18194
16992
16924
-10395
-11781
-10419
-5688
-19654
-14715
14314
-30158
-11380
8246
21092
-31908
-3072
15376
-14273
-6193
30338
-16881
-18890
-26787
8201
-16418
-13597
-13621
25064
-18903
31743
-22670
-6435
2337
-21392
11716
-5036
-350
-23237
26615
1255
3770
-21946
25973
-12673
32412
29640
3476
-23962
18727
-14083
-2537
-4346
-11884
1688
7420
-11945
-30315
25884
24543
31393
166
-21856
-32328
-7818
-4143
-26250
-18856
24970
-28234
-23837
10009
-29498
4009
19680
-4629
7262
-31130
532
7016
-25412
-31841
12658
2861
-27155
9665
11359
-6674
-32738
13907
31614
10112
-21910
-27065
7965
-21046
-17397
-15817
6829
-4746
-1029
-1276
16237
-15076
-5167
6618
-4729
-14740
4069
21315
24632
-8175
-28823
31072
22626
9429
-11131
8059
-16219
-786
-22037
-25127
-2177
-1564
-21733
10803
3
-26949
2198
630
15014
6085
14242
-2671
23357
31277
9513
15018
-13160
27601
-11145
-10749
23635
-8380
23053
23888
25722
20351
17362
32474
4830
23077
-14628
-13066
-27124
30724
2119
-8820
-31707
25305
-3310
-29140
24241
25856
22558
29214
-7271
13289
10837
27484
-14329
-129
-23752
16159
-2575
-32419
-6322
-27155
-11927
-5774
25747
30276
5442
-14110
-22741
2112
5133
-26546
11150
4253
-4081
17190
2234
-28212
-13363
8054
-4548
4929
-7873
-5036
8740
1315
21040
-14419
16431
-4886
-9950
-20978
-21873
27529
-22493
-1698
-1707
11143
-22507
8367
-14788
-31237
-2148
12259
9190
-26330
-160
-2508
-15063
24305
17345
-12457
31131
-30700
-15063
-12212
20995
31416
-6994
-21189
-19182
8853
-30463
6814
-10842
-13193
-7270
-21190
25510
26845
19562
30077
-13885
13880
9894
-6816
-8187
-7758
5262
-4208
-23823
-28651
-28769
-8112
6708
8623
-12410
10064
4276
-10637
21480
5212
29196
-4451
-32549
21242
25412
-16815
18645
23475
30124
23551
21385
9355
-5319
-15791
-10663
-12438
-21272
29703
20936
7993
3602
14290
-19906
19234
30939
21406
-1859
3908
-11366
-12510
31299
-26815
16039
26967
3137
-19240
-25046
-470
27542
31275
-11821
-15133
32465
5220
-24549
24716
21196
16505
5002
17283
-21193
-11687
20639
30067
31975
2780
20262
-16962
18615
24986
-21995
-8106
28227
-32181
-31549
28111
-7003
-3235
21335
-27015
27560
1359
16452
21800
-25647
-6046
7458
28997
18794
-29750
16384
26681
-5222
-2536
-2306
-32194
-31826
16212
21400
-31377
-812
-2044
17158
20974
11977
22401
-30172
25864
-9947
10440
-29347
-11101
-31973
-28560
-16639
-32417
-20273
6148
-17621
12353
26579
7467
12445
-23633
-28179
2302
-6110
23339
-32607
6755
-9513
11133
6116
-31743
-11464
16397
13275
-27730
23464
12884
-5544
-9718
-10962
-27280
1631
-8286
27672
20919
6200
20943
-15495
1413
-14284
28500
-4142
-20485
7468
30070
-20873
-17547
7446
-8648
32434
-13632
10810
-21795
-4196
4405
10981
-6103
25612
30298
-18408
4371
-24544
31686
-11068
-9921
-2896
15316
6569
-13157
-19790
20944
-8828
11027
2271
26919
27342
24830
3282
1452
8700
16519
5134
4629
344
-12989
-23822
-12486
23295
-32187
-4297
15748
16779
-7035
11430
-6308
-15461
29109
-30364
4838
-19691
-31181
20556
25991
18520
20081
2344
17362
6476
-6318
-1260
31443
19126
-16633
31001
3784
1410
8672
25864
-14442
-22030
-12728
-12251
32676
-12252
-16005
-32297
22446
26435
-28612
7065
-22711
-14601
21697
28890
27628
-7314
-15285
25473
5638
26780
21396
-25231
-8732
-9986
-23882
13086
20881
19813
4890
32239
-10404
-30059
-18770
-25814
18276
31989
31251
14958
24163
24930
8950
4356
-11422
-23500
31827
4002
-4155
15560
-7741
-11569
14239
5814
13861
24917
26008
1316
-16399
19314
-25657
32439
-15284
-5588
11859
-10014
22017
-8820
7472
-17201
17180
-18368
13958
19222
28512
12404
-21939
-31168
5713
-16640
6437
-25024
5084
-22868
-10180
28008
232
-23427
5937
31600
-1663
-8666
5556
26422
27460
-13751
-32760
25527
-23433
-12640
-31257
-8698
-30888
6811
-27545
7267
25156
-28273
21373
17449
-2277
30568
6520
2511
-18772
-8980
7679
28886
14030
24180
-31948
3328
20506
4326
-2748
-10323
21345
-15614
-21486
1783
-8448
31218
-19041
-20474
7383
28069
23568
-8742
18210
-10703
7097
30501
-30086
-13780
14660
29820
14599
25169
1442
-28097
21433
10261
-4922
-22546
11696
28839
28854
12112
9754
32612
6711
-5227
-29950
942
-18671
-15413
15096
-10803
-3678
-24453
-25921
-29134
28074
18904
31838
-10213
-1107
23838
4426
31751
12601
-8591
7331
-15831
11723
8661
27956
6156
5449
16405
18784
20584
25289
-30807
7964
16964
9374
16541
-4353
10646
770
1050
-22280
17003
31229
-9408
-2028
17291
21888
-4449
9513
-3769
15218
30555
28860
23273
15560
23632
5257
4656
-19748
28591
892
15067
-12105
17160
-31654
-25878
-19700
-1171
20083
12123
20516
23262
-19207
6963
16675
-21039
6880
-12257
29772
-31398
29146
-23960
15517
20393
-20733
-9497
8502
-3528
-20016
-8809
-7253
20248
9749
27446
14006
-26229
-871
6489
-22298
-25003
16628
9863
16380
-7133
28299
-24660
25189
30004
8299
-6798
8831
28358
-17467
-16266
25851
-9648
24288
-29019
18794
-23420
24015
-29314
14854
4274
7503
-18152
27495
171
16150
-6167
-11489
9584
13586
-1378
19831
13653
-14647
17707
-1498
30258
-25473
29835
2374
25793
-30512
2771
-23918
5066
6818
-29298
-15410
-1748
-21840
30960
31922
-2381
17639
-23411
-2639
18590
-1537
-27791
-31890
-9544
22939
26922
30386
-9047
18691
2953
-1893
25559
6942
23056
-12002
-3502
26648
-9036
-17857
14798
-3779
5718
12321
-2661
-24156
-3062
13250
14613
-28712
-22733
10559
6848
-23550
24190
-20540
-31998
-1891
-25687
-21670
-13549
-15787
-21560
-12404
-17333
-13654
2053
-24753
30682
17842
-5280
12205
2909
-310
22621
-5028
22901
-5693
2117
-226
1396
-30764
1373
23996
-24095
-11283
19356
4084
15668
-27187
-25887
-20673
-19603
-29964
18243
-11736
-19132
-5238
28843
28528
-20257
30630
2046
-11393
-7408
-6173
-9663
-740
25986
-1066
-29059
30430
20746
32187
-10516
620
2771
24893
781
20260
-4832
-28319
-13103
30203
-9392
11193
26796
-20510
31823
8672
28416
-4134
-12855
-21918
26751
-26425
-6163
15165
-19500
24889
-20004
-8871
-2485
-631
-24111
30376
-23314
-3537
-10166
8858
-17193
-15330
-10488
-641
-13161
-746
-31394
30030
16507
29776
8078
-24055
-27103
-17877
1172
-12030
-1629
6095
8944
-27994
14458
19862
-19190
-32669
-28350
3107
13085
17520
-19240
-14982
-7693
-15868
16635
-29377
6558
-23070
-6158
-27155
21725
911
2959
12392
-8902
-11161
28943
-20147
-30458
16835
29723
29151
25885
7122
-6824
14378
-10687
-13018
29134
15087
27941
-27451
-11692
-9244
27073
3463
32271
18748
24175
-30359
-17046
-15109
-39
-9004
27955
-3369
1704
2574
3913
-2216
4506
-22892
-10607
-24224
22778
19027
-19512
5792
-21339
-3236
-27310
-19102
-6108
-16217
-11851
28733
13216
25815
9864
-10696
-26184
-30209
-26419
-15033
23091
22122
-29314
21289
31029
9030
-23211
1986
-21491
-23380
28936
32574
14324
13475
-914
14766
11168
26043
1365
24093
29659
-15002
12296
26009
15981
-29455
-26841
22029
6017
-12368
-263
-16622
12175
-15817
-9811
-12999
-28762
15288
27957
9039
-11402
-24823
4283
6816
-4331
-18917
3822
-9701
5289
-5950
-9212
-29684
-31371
29765
10166
-101
-15279
9809
15801
-20050
-3840
-27295
-19313
-28828
-21344
22005
24593
-2037
11129
15064
-18163
26191
-16180
5652
-6546
-26572
29969
14936
-2629
29998
-31652
573
17457
-27644
3551
-3788
-21664
5841
-28635
-27310
-13961
-11354
-10408
7259
25286
-693
9461
20397
-32704
17931
21496
-3153
-22747
4630
-2839
29650
14661
-11118
-16115
2207
-7291
22427
-29213
32361
11448
-2033
30012
-25971
-1055
22294
23242
-31323
-29166
-12291
12479
7959
-3340
20172
-15520
10055
6337
14185
24085
-735
-13991
15155
12157
15514
-32383
-24297
-24704
5267
-5956
-25148
-30115
18711
-6801
28043
-12084
5593
8255
23848
22367
19476
-13927
-28746
26843
-1650
21612
26584
-10455
-32621
17278
-19061
28346
-11377
23991
9886
-26721
-14927
-12997
13840
1117
-25333
-27250
6854
11863
25889
-24072
-27303
9630
-8079
-2443
9571
-12019
-12285
3977
17846
28777
-30349
17881
-9079
29622
12107
-8950
-8577
7332
-28041
16560
20133
-24309
-4570
-24732
3545
12695
9368
6512
32293
530
-16731
-22878
6070
2478
6002
-17028
2181
-29783
-26222
25718
960
25187
-20265
16800
9752
-28995
17725
2284
-15816
-16056
12109
-7539
-26323
2169
-24360
24525
-30639
31578
-7209
-15858
7159
24123
27037
-6674
-28166
26128
5621
-3666
25166
-16499
19467
-32707
-31453
-28677
-19920
13424
4972
-26174
7065
10212
-22319
29914
6763
18172
-21846
-12447
-26856
6001
8628
-19456
20196
101
21729
6848
24332
-31374
-20773
16219
-1406
13608
-13810
-90
-20262
-2175
-30618
4468
-27940
16913
-30428
10028
-17549
-8417
-28198
22611
-19722
-18106
-28507
16913
-1851
8389
-31375
1102
-29567
-1409
-4147
13975
-9193
5733
25192
28396
-29295
-18060
29180
29667
20845
-25307
10119
31863
-12471
-17558
-28180
-25433
-25202
26629
-15565
-22587
-17877
-13527
-18403
-30763
-29188
2205
12115
12848
-11008
22770
31192
23804
24590
-22616
7052
-16074
-27995
-29018
-18285
-19019
6258
-22881
-2977
22605
9359
27199
-15952
31773
16830
-2924
11459
23219
-25032
15434
-19481
-26993
-28425
-16489
24148
15484
18962
-21724
-15176
-28026
-19815
-12990
-13739
16871
29382
-13033
1052
19000
-9003
21501
2924
22512
-11170
25756
-22246
27178
-637
2439
5609
-14467
21342
-14473
-32107
-22233
14939
21712
-30489
-4099
-11191
12964
13353
1840
12370
-9811
23447
22818
-1904
27374
26588
27105
30809
24641
-11678
6289
-14411
283
6614
-32155
10067
15483
5971
25461
31562
10614
-5369
23297
19689
-626
8667
11038
-10170
-10248
-6704
15253
-4452
14072
9075
-32123
16218
-6726
-22623
26716
13458
-5881
-1130
10270
13771
-6114
24583
11545
21942
31970
-14370
-18913
31671
-18137
-27374
-22667
4475
23030
-32697
25475
-8492
-456
-22498
8243
31640
6168
-13502
6210
24998
19471
-6359
23452
8102
-31113
-15005
-15267
-16086
-27816
-31465
-18464
-15898
-11616
8606
27636
22144
23199
-2070
-32248
-12447
-30655
-19074
17740
-25207
20852
17220
18199
-32349
17316
22017
-10836
8768
-31935
32371
-20214
-28032
-7192
18130
28933
-13596
14366
-25066
331
11570
-30509
-3873
11775
-16371
13813
-5367
-150
24375
-10053
-25608
18344
32030
-6803
22693
25725
25452
-21418
-28557
26101
-14318
-32062
-14501
-30978
-10091
-12026
-3918
-602
-5542
11032
-2672
-24105
27336
-12794
-19937
30865
14692
-27812
10106
16648
18118
-21473
-23405
25119
11385
5610
-23193
-3508
17579
-978
-32172
6239
6357
12505
-10978
-7916
29220
20578
-17107
-10576
4074
-23657
17745
11005
-23071
870
7652
28629
14240
-3395
-22851
-31428
-26681
-20259
-22691
26802
11792
1987
-1698
-26208
19674
-30736
-23158
-20796
5472
32709
-8270
-5238
28263
-28001
-10011
7331
8724
-10599
20554
10072
-6621
-21867
-7766
27006
-3741
23050
-29117
-2707
-29532
-19403
-4795
-25623
-9804
29613
23229
28325
-24459
-23901
-973
-9885
32722
-4820
32179
24926
19558
6080
-17032
-29353
6436
24853
-1478
31677
-5016
6049
17144
25782
1990
-30628
-6317
28509
13128
-16365
-4626
-29122
-23024
28916
21017
8914
25373
30939
28513
-4943
6922
-3502
-32181
-25211
-22426
4940
21603
24183
10562
32517
-17139
9505
-30493
10250
14369
-7841
19766
5868
-8327
-4655
-12782
11277
24742
-32382
10699
26814
-14600
-8105
-26688
9676
17351
13687
-7764
16743
30686
1155
-12318
-885
-18254
-1625
-27309
-27266
15464
7679
-17376
-13890
-19000
-23554
-8568
17476
22909
24167
26007
-28467
16365
19715
18540
6571
-9954
16752
28809
13297
28795
-9942
32018
4295
-18914
-27865
17859
24860
22666
-19828
31776
-13103
25450
-10917
15675
1739
11417
27929
16683
32379
-14042
3441
-8722
-31552
-8531
-24809
29810
-20481
-2661
-16790
14412
-13853
29632
-22113
31859
-11764
-28088
-32334
12230
8239
-8283
11770
9164
-17977
-23746
-23957
-16250
-28947
-4726
-30565
-15433
-18240
10005
9565
29953
17840
-18626
-18404
25629
-20467
-28295
-4006
23109
-22592
-20818
-20920
12951
-26448
-26168
7365
25673
1500
-16749
-3161
-20597
-18832
-20591
-26591
17936
-14669
-25123
-3769
30743
-18484
-14396
-21463
-20965
-29759
14526
-12424
-15143
21502
-29876
-13709
10763
-26111
-13619
-5137
27676
15608
11232
-15097
6251
-9505
1162
-29959
-30886
-20907
