902
1802
912
629
-44
-1061
195
950
658
21
1745
318
412
542
1570
1717
1710
716
-449
-239
2130
564
89
1053
580
-375
158
212
439
805
70
881
-23
1129
634
1238
-147
782
400
1597
543
613
328
-3575
871
641
3
308
1533
803
1088
164
1379
1378
860
554
505
1104
34
1283
998
637
1293
455
826
843
-952
56
1947
940
943
838
231
22
-227
191
852
263
456
1179
463
-251
1234
696
356
526
786
-257
189
-251
1479
506
804
565
229
1595
-110
263
607
-1456
212
173
1847
363
1162
27
340
138
771
432
130
597
692
1399
1511
944
1411
596
919
785
177
312
965
737
570
1182
-671
582
