-1
0
1
0
0
0
0
0
0
0
-3
-2
-1
0
1
2
3
0
0
0
-2
-1
0
1
2
3
4
6
0
0
-1
0
1
2
0
0
0
0
0
0
-3
-2
-1
0
1
0
0
0
0
0
0
0
0
0
0
0
0
0
0
0
-1
0
1
2
0
0
0
0
0
0
-2
-1
0
1
2
0
0
0
0
0
0
0
0
0
0
0
0
0
0
0
-1
0
1
0
0
0
0
0
0
0
-2
-1
0
1
2
3
4
6
9
0
-3
-2
-1
0
1
2
0
0
0
0
0
0
0
0
0
0
0
0
0
0
-3
-2
-1
0
1
2
3
4
6
9
-2
-1
0
1
2
0
0
0
0
0
-3
-2
-1
0
1
2
3
4
6
9
-2
-1
0
1
2
0
0
0
0
0
-1
0
1
0
0
0
0
0
0
0
-2
-1
0
1
0
0
0
0
0
0
-1
0
1
0
0
0
0
0
0
0
0
0
0
0
0
0
0
0
0
0
-1
0
1
0
0
0
0
0
0
0
-3
-2
-1
0
1
2
0
0
0
0
-2
-1
0
1
2
3
0
0
0
0
0
0
0
0
0
0
0
0
0
0
-1
0
0
0
0
0
0
0
0
0
-1
0
1
0
0
0
0
0
0
0
0
0
0
0
0
0
0
0
0
0
-1
0
1
0
0
0
0
0
0
0
-1
0
1
2
0
0
0
0
0
0
0
0
0
0
0
0
0
0
0
0
0
0
0
0
0
0
0
0
0
0
