-2
0
2
4
0
0
0
-4
-2
0
2
4
0
0
0
0
0
0
0
0
0
0
0
0
0
0
0
0
-4
-2
0
2
4
6
0
-4
-2
0
2
4
6
0
-4
-2
0
2
0
0
0
-4
-2
0
2
4
6
0
-2
0
2
0
0
0
0
-4
-2
0
2
4
6
10
0
0
0
0
0
0
0
-4
-2
0
2
4
0
0
-2
0
2
0
0
0
0
-4
-2
0
2
4
0
0
-4
-2
0
2
4
6
10
-4
-2
0
2
4
6
10
-2
0
2
0
0
0
0
-4
-2
0
2
4
0
0
-2
0
2
0
0
0
0
-4
-2
0
2
4
6
10
-4
-2
0
2
4
0
0
-4
-2
0
2
4
6
10
-2
0
2
0
0
0
0
-4
-2
0
2
4
0
0
-2
0
2
0
0
0
0
-2
0
2
0
0
0
0
-4
-2
0
2
4
0
0
-4
-2
0
2
4
6
0
-4
-2
0
2
4
6
0
-2
0
2
4
0
0
0
-4
-2
0
2
4
10
0
0
0
0
0
0
0
0
