-4
-3
-2
-1
0
1
2
3
4
7
11
0
0
-8
-5
-4
-3
-2
-1
0
1
2
3
4
7
11
-8
-5
-4
-3
-2
-1
0
1
2
3
4
7
11
-4
-3
-2
-1
0
1
2
3
0
0
0
0
0
-5
-4
-3
-2
-1
0
1
2
3
4
7
11
0
-1
0
1
2
0
0
0
0
0
0
0
0
0
-8
-5
-4
-3
-2
-1
0
1
2
3
4
7
0
-8
-5
-4
-3
-2
-1
0
1
2
3
4
7
0
-8
-5
-4
-3
-2
-1
0
1
2
3
4
0
0
-5
-4
-3
-2
-1
0
1
2
3
4
7
0
0
-4
-3
-2
-1
0
1
2
3
0
0
0
0
0
-5
-4
-3
-2
-1
0
1
2
3
4
7
11
0
-5
-3
-2
-1
0
1
2
3
0
0
0
0
0
-5
-4
-3
-2
-1
0
1
2
3
4
0
0
0
-8
-5
-4
-3
-2
-1
0
1
2
3
4
0
0
-8
-5
-4
-3
-2
-1
0
1
2
3
4
7
0
