185
1029
169
290
275
561
416
411
11
310
109
27
315
417
348
387
159
-75
118
65
152
257
379
197
685
586
153
406
200
488
291
661
122
129
299
278
-26
476
-196
517
73
233
278
-39
72
536
144
216
211
227
263
273
-764
-75
425
159
261
174
-41
171
82
24
469
72
297
439
135
81
83
415
145
443
278
382
9
50
249
417
485
147
31
768
294
197
389
377
86
430
675
478
34
237
-102
167
265
310
265
513
293
182
-7
197
24
5
541
327
429
352
52
21
275
-15
398
-1
227
117
0
251
235
166
398
317
311
559
348
73
-31
234
312
605
143
170
394
666
402
129
-17
164
143
255
436
-145
269
216
336
423
252
288
284
302
293
176
605
348
219
1007
351
442
-97
354
213
356
718
262
-31
74
184
652
331
297
228
348
-91
488
50
195
274
237
42
237
259
208
485
462
263
-99
-150
309
59
-113
212
315
294
423
237
143
73
459
462
288
491
346
224
313
181
337
252
125
357
126
400
266
624
-39
75
200
-61
-59
179
-54
-103
290
314
57
57
321
237
234
207
176
26
621
409
200
268
-122
458
647
131
358
218
165
68
554
406
289
37
216
238
121
302
401
412
99
135
1
266
343
356
195
244
37
243
124
662
115
625
466
463
316
497
224
261
525
616
101
423
46
305
-297
249
-139
421
192
143
-57
-251
-253
144
366
-19
172
182
352
214
-142
361
384
417
110
581
491
165
-161
226
46
192
165
403
275
317
509
-268
363
258
286
-184
542
-358
162
685
283
277
328
647
83
-48
412
614
717
-48
164
-442
454
86
329
245
293
209
466
408
307
506
489
269
361
333
233
367
-86
383
-66
160
248
159
196
126
355
220
304
-95
38
241
314
161
525
321
183
643
224
516
444
333
425
307
141
124
334
67
632
210
4
453
316
209
91
396
150
-88
-149
57
457
203
599
276
95
640
243
98
206
-176
372
581
-36
282
395
463
-122
341
321
307
186
253
340
336
-240
163
495
202
-52
338
338
-23
465
47
132
393
476
176
48
123
621
24
442
568
218
246
390
280
305
34
438
-227
-3
467
40
37
204
85
583
385
530
398
81
391
313
459
303
400
-253
243
31
281
568
155
732
22
526
400
403
348
280
479
512
147
663
-610
444
582
575
605
173
101
279
473
361
278
55
306
84
186
14
194
320
123
349
537
1
-40
159
282
455
162
322
368
600
247
605
410
619
127
232
275
720
303
354
482
443
512
173
305
125
191
61
612
396
393
172
456
328
346
192
131
-21
872
305
363
126
571
365
216
366
170
308
269
128
508
549
404
186
141
387
-92
291
278
106
-188
173
440
421
286
1037
432
303
339
132
270
86
-370
181
206
481
127
42
274
144
552
648
-20
142
0
-194
148
644
-225
126
332
234
272
-59
283
416
602
379
131
158
292
171
529
142
163
278
86
436
175
-259
327
467
140
347
129
283
368
222
-56
-126
105
-84
266
579
701
405
361
202
780
85
310
506
119
-297
276
206
197
30
488
367
269
701
136
243
-8
143
-30
152
171
487
-911
436
358
383
493
66
296
667
468
468
405
55
402
-20
186
123
169
479
70
426
620
138
205
260
401
469
107
102
344
281
-70
168
148
86
-25
104
455
302
172
117
314
756
359
268
555
146
215
333
-95
490
296
392
84
408
-51
463
-20
273
-5
31
364
-266
563
480
305
239
453
521
347
567
132
249
536
54
227
211
314
226
-18
363
265
506
287
-293
502
248
540
-52
261
143
279
513
205
44
103
201
478
240
764
443
545
-115
209
103
583
413
11
505
376
-64
113
407
674
178
189
296
26
414
416
-22
492
32
305
-17
484
274
638
150
-83
265
108
3
264
122
225
551
318
329
28
202
298
-36
446
669
160
571
266
166
515
318
10
369
18
401
55
150
172
33
317
874
109
127
255
392
996
312
409
370
34
198
474
665
44
399
160
272
38
-142
-25
754
128
-22
581
333
410
246
315
400
63
-80
11
389
357
216
227
184
353
319
65
-11
389
548
82
351
387
91
262
447
116
181
162
252
218
168
469
197
252
485
442
226
116
340
382
214
221
191
300
601
702
569
483
233
228
-271
360
249
395
302
280
319
255
-26
217
275
-45
-44
554
439
144
151
212
-66
306
151
275
505
390
323
233
705
329
202
353
461
54
371
135
437
279
179
192
179
204
211
154
310
126
381
-1532
316
515
519
581
662
405
510
136
41
6
150
400
232
353
333
285
-149
374
287
495
388
154
146
562
251
318
569
565
-38
77
40
389
401
254
-464
297
339
222
385
232
334
-198
607
396
547
511
300
234
309
348
403
261
280
106
559
558
-111
411
451
62
564
72
954
67
-154
336
880
29
230
194
354
127
356
259
23
316
149
-18
493
61
210
522
412
222
440
238
2
62
453
188
207
548
328
214
609
511
137
399
399
544
19
131
314
314
297
67
78
410
365
678
13
111
189
62
537
388
180
358
463
43
95
488
386
818
639
524
-137
308
274
397
205
172
678
545
530
-110
632
340
503
-468
434
210
218
405
328
158
422
216
596
381
320
-51
-54
301
648
-73
149
669
360
197
152
179
300
150
411
330
125
552
599
-48
77
162
521
505
120
155
332
602
197
118
292
326
152
232
156
219
438
-49
481
602
403
608
-178
450
535
-91
221
237
43
710
143
688
229
34
181
135
578
846
0
307
173
150
-64
-171
211
252
135
-190
308
468
235
-175
421
27
279
585
374
134
261
722
180
238
516
311
205
215
127
12
115
-72
578
-1
99
191
-183
406
76
266
254
119
149
55
156
40
183
105
59
21
174
-133
346
185
244
251
999
387
461
303
-156
303
14
450
-2
418
418
465
392
566
380
170
251
404
337
197
190
516
184
-73
78
61
585
358
175
-260
354
13
72
224
66
243
234
-74
140
217
548
490
481
371
130
740
480
-396
386
203
289
232
145
70
926
175
15
461
395
410
219
345
237
591
243
78
66
380
451
269
72
347
79
119
-197
454
36
303
502
405
83
-13
418
368
-27
261
235
541
515
432
279
282
143
348
243
339
175
487
362
-53
279
349
79
114
212
400
229
-151
556
475
267
65
459
-41
552
595
-73
224
265
196
502
56
361
380
297
-11
232
228
178
223
214
280
275
495
276
545
286
214
227
438
230
152
617
79
-195
630
226
463
-798
297
319
624
260
203
339
10
574
506
279
267
324
169
-16
185
383
638
-38
427
40
417
-123
531
120
146
38
217
17
134
107
15
-21
42
-27
458
387
271
550
-91
484
-64
313
120
315
374
97
208
84
136
188
342
504
365
861
187
97
639
424
385
13
123
411
-181
79
331
558
-322
194
511
261
235
335
214
526
286
429
359
368
437
603
420
341
438
239
511
231
324
54
-45
121
402
346
-249
360
214
570
-18
320
364
434
385
-38
238
236
629
333
147
398
373
342
144
96
505
542
511
140
251
124
94
240
45
224
35
162
214
316
44
315
245
471
360
272
307
424
-100
466
904
191
517
75
522
179
414
464
29
128
207
550
577
360
510
103
83
210
163
-59
47
283
269
252
251
235
68
173
478
42
152
388
3
110
-115
196
509
-68
-39
258
522
479
319
348
-261
248
152
236
65
532
267
404
-69
127
40
186
357
-68
109
64
75
159
461
89
292
91
411
231
404
696
867
-17
349
303
217
-30
129
73
321
165
190
50
1005
396
300
138
-79
35
60
28
393
97
226
118
-72
152
828
359
169
103
358
384
291
60
65
354
181
93
321
239
268
372
278
326
-112
320
362
304
77
192
415
174
134
165
531
130
397
9
-36
419
14
196
-20
664
61
-108
331
120
919
248
340
81
-213
-344
272
302
571
218
369
203
636
125
504
303
477
421
39
257
122
4
75
335
542
-127
252
83
338
296
713
36
311
494
213
55
360
199
61
-109
253
182
136
427
356
586
271
434
-149
-6
701
630
568
317
32
530
977
222
415
339
285
157
338
226
483
70
-96
119
276
378
262
195
540
91
301
334
272
121
127
243
648
232
40
382
57
196
444
-14
347
400
285
376
289
366
542
298
265
231
79
232
455
293
214
796
316
232
123
70
218
115
149
93
-63
296
300
240
167
336
805
144
561
157
84
176
174
177
310
69
-115
95
187
500
177
117
318
257
288
-99
657
-21
14
397
21
351
187
352
308
-35
347
472
468
-11
285
182
68
398
172
307
-10
554
338
417
555
340
275
113
312
171
69
260
66
286
527
-96
235
78
143
58
-7
311
55
342
528
66
444
541
492
302
802
11
297
288
131
-222
137
131
333
-107
100
46
598
50
688
109
233
533
-114
338
311
194
334
-90
302
441
456
267
-6
-98
544
74
-43
378
524
268
-626
224
452
685
-83
251
474
391
735
198
1171
745
300
829
42
144
458
336
218
126
110
176
104
248
61
-30
408
144
495
343
171
642
273
47
369
417
372
771
309
594
337
266
218
306
74
104
148
48
176
492
670
613
27
415
472
230
157
608
331
-510
149
185
360
243
279
464
131
494
515
207
-134
295
418
194
170
293
30
539
111
223
280
387
459
452
256
94
349
148
447
272
109
177
437
214
324
311
348
373
475
270
179
619
187
194
326
362
360
174
120
54
184
137
235
37
101
-271
394
-165
478
438
189
20
207
239
289
19
411
1
375
306
162
96
-123
-21
385
403
538
209
258
491
310
-56
233
203
23
205
279
350
100
30
505
126
316
391
602
332
132
-62
555
100
337
466
-53
312
596
523
211
-104
682
372
36
336
-58
218
587
49
143
162
-119
66
415
212
-2063
147
115
153
455
477
210
240
500
301
-112
121
205
342
177
-161
248
720
258
573
374
599
263
258
658
259
131
-13
-108
183
