-3
-2
-1
0
1
2
3
4
5
0
0
0
0
0
-8
-6
-4
-3
-2
-1
0
1
2
3
4
5
6
0
-4
-3
-2
-1
0
1
2
3
4
5
6
0
0
0
-2
-1
0
1
2
0
0
0
0
0
0
0
0
0
-6
-4
-3
-2
-1
0
1
2
3
4
5
6
10
0
-4
-3
-2
-1
0
1
2
5
0
0
0
0
0
0
0
1
0
0
0
0
0
0
0
0
0
0
0
0
-8
-6
-4
-3
-2
-1
0
1
2
3
4
5
6
10
0
0
0
0
0
0
0
0
0
0
0
0
0
0
-2
-1
0
1
2
3
0
0
0
0
0
0
0
0
-1
0
1
2
0
0
0
0
0
0
0
0
0
0
-8
-4
-3
-2
-1
0
1
2
3
4
6
0
0
0
-6
-4
-3
-2
-1
0
1
2
3
4
5
0
0
0
-3
-2
-1
0
1
2
0
0
0
0
0
0
0
0
-4
-3
-2
-1
0
1
2
3
4
5
0
0
0
0
-3
-2
-1
0
1
2
3
0
0
0
0
0
0
0
