-8
-4
-2
0
2
4
11
-8
-4
-2
0
2
4
11
-4
-2
0
2
4
0
0
0
0
0
0
0
0
0
-8
-4
-2
0
2
4
11
-4
-2
0
2
4
0
0
-8
-4
-2
0
2
4
11
-8
-4
-2
0
2
4
11
-8
-4
-2
0
2
4
11
-8
-4
-2
0
2
4
11
-8
-4
-2
0
2
4
11
-8
-4
-2
0
2
4
11
-8
-4
-2
0
2
4
11
-8
-4
-2
0
2
4
11
-8
-4
-2
0
2
4
11
-2
0
0
0
0
0
0
-2
0
2
0
0
0
0
-4
-2
0
2
4
0
0
-8
-4
-2
0
2
4
11
-8
-4
-2
0
2
4
11
-8
-4
-2
0
2
4
11
-8
-4
-2
0
2
4
11
-2
0
2
0
0
0
0
-8
-4
-2
0
2
4
11
-8
-4
-2
0
2
4
11
-8
-4
-2
0
2
4
11
-4
-2
0
2
4
0
0
-8
-4
-2
0
2
4
11
-4
-2
0
2
4
11
0
-8
-4
-2
0
2
4
11
-8
-4
-2
0
2
4
11
0
0
0
0
0
0
0
