-10
-4
-2
0
2
4
6
12
-10
-4
-2
0
2
4
6
12
-10
-4
-2
0
2
4
6
12
-10
-4
-2
0
2
4
6
12
-10
-4
-2
0
2
4
6
12
-10
-4
-2
0
2
4
6
12
-2
0
2
0
0
0
0
0
-4
-2
0
2
4
6
12
0
-10
-4
-2
0
2
4
6
12
-10
-4
-2
0
2
4
6
12
-10
-4
-2
0
2
4
6
12
-10
-4
-2
0
2
4
6
12
-10
-4
-2
0
2
4
6
12
-10
-4
-2
0
2
4
6
12
-10
-4
-2
0
2
4
6
12
-10
-4
-2
0
2
4
6
12
-10
-4
-2
0
2
4
6
12
-10
-4
-2
0
2
4
6
12
-10
-4
-2
0
2
4
6
12
-10
-4
-2
0
2
4
6
12
-10
-4
-2
0
2
4
6
12
-10
-4
-2
0
2
4
6
12
-10
-4
-2
0
2
4
6
0
-10
-4
-2
0
2
4
6
12
-10
-4
-2
0
2
4
6
12
-4
-2
0
2
4
6
0
0
-10
-4
-2
0
2
4
6
12
-10
-4
-2
0
2
4
6
12
-10
-4
-2
0
2
4
6
12
-4
-2
0
2
4
6
0
0
-4
-2
0
2
4
6
0
0
-2
0
2
4
0
0
0
0
