-4
-3
-2
-1
0
1
2
3
4
5
0
0
0
0
-10
-7
-5
-4
-3
-2
-1
0
1
2
3
4
5
0
-3
-2
-1
0
1
2
3
4
5
0
0
0
0
0
-10
-7
-5
-4
-3
-2
-1
0
1
2
3
4
5
10
-2
-1
0
1
0
0
0
0
0
0
0
0
0
0
-2
-1
0
1
0
0
0
0
0
0
0
0
0
0
-2
-1
0
1
2
0
0
0
0
0
0
0
0
0
-10
-7
-5
-4
-3
-2
-1
0
1
2
3
4
5
0
-10
-7
-5
-4
-3
-2
-1
0
1
2
3
4
5
10
-4
-3
-2
-1
0
1
2
3
4
0
0
0
0
0
-3
-2
-1
0
1
2
3
4
5
0
0
0
0
0
-10
-7
-5
-4
-3
-2
-1
0
1
2
3
4
5
10
-7
-5
-4
-3
-2
-1
0
1
2
3
4
5
0
0
-10
-7
-5
-4
-3
-2
-1
0
1
2
3
4
5
10
-2
-1
0
1
2
0
0
0
0
0
0
0
0
0
-2
-1
0
1
2
3
0
0
0
0
0
0
0
0
