-3
-2
-1
0
1
2
3
5
0
0
0
0
0
0
-7
-5
-4
-3
-2
-1
0
1
2
3
4
5
0
0
-2
-1
0
1
0
0
0
0
0
0
0
0
0
0
-5
-4
-3
-2
-1
0
1
2
3
4
5
0
0
0
-5
-4
-3
-2
-1
0
1
2
3
4
0
0
0
0
-5
-4
-3
-2
-1
0
1
2
3
4
5
8
0
0
-7
-5
-4
-3
-2
-1
0
1
2
3
4
5
8
12
-3
-2
-1
0
1
2
3
0
0
0
0
0
0
0
-7
-5
-4
-3
-2
-1
0
1
2
3
4
5
8
0
-7
-5
-4
-3
-2
-1
0
1
2
3
4
5
8
0
-7
-5
-4
-3
-2
-1
0
1
2
3
4
5
8
0
-3
-2
-1
0
1
2
3
4
0
0
0
0
0
0
-5
-4
-3
-2
-1
0
1
2
3
4
5
8
0
0
-7
-5
-4
-3
-2
-1
0
1
2
3
4
5
8
12
-4
-3
-2
-1
0
1
2
3
4
5
0
0
0
0
-7
-4
-3
-2
-1
0
1
2
3
4
0
0
0
0
-7
-5
-4
-3
-2
-1
0
1
2
3
4
5
8
0
-4
-3
-2
-1
0
1
2
3
4
5
8
0
0
0
-5
-4
-3
-2
-1
0
1
2
3
4
5
8
0
0
-5
-4
-3
-2
-1
0
1
2
3
4
5
8
0
0
-7
-5
-4
-3
-2
-1
0
1
2
3
4
5
8
0
0
0
0
0
0
0
0
0
0
0
0
0
0
0
0
0
0
0
0
0
0
0
0
0
0
0
0
0
-7
-5
-4
-3
-2
-1
0
1
2
3
4
5
0
0
-7
-5
-4
-3
-2
-1
0
1
2
3
4
5
8
0
-7
-5
-4
-3
-2
-1
0
1
2
3
4
5
8
0
-5
-4
-3
-2
-1
0
1
2
3
4
5
0
0
0
-7
-5
-4
-3
-2
-1
0
1
2
3
4
5
8
12
-7
-5
-4
-3
-2
-1
0
1
2
3
4
5
8
0
-7
-5
-4
-3
-2
-1
0
1
2
3
4
5
0
0
-7
-5
-4
-3
-2
-1
0
1
2
3
4
5
8
0
-4
-3
-2
-1
0
1
2
3
4
5
0
0
0
0
