-6
-4
-2
0
2
4
7
0
0
0
-8
-6
-4
-2
0
2
4
7
9
0
-8
-6
-4
-2
0
2
4
7
9
15
-8
-6
-4
-2
0
2
4
7
9
0
0
0
0
0
0
0
0
0
0
0
-8
-6
-4
-2
0
2
4
7
9
0
0
0
0
0
0
0
0
0
0
0
-8
-6
-4
-2
0
2
4
7
9
15
-8
-6
-4
-2
0
2
4
7
9
15
-6
-4
-2
0
2
4
7
0
0
0
-6
-4
-2
0
2
4
7
9
0
0
-8
-6
-4
-2
0
2
4
7
9
15
-8
-6
-4
-2
0
2
4
7
9
0
0
0
0
0
0
0
0
0
0
0
-8
-6
-4
-2
0
2
4
7
9
15
-8
-6
-4
-2
0
2
4
7
9
0
-8
-6
-4
-2
0
2
4
7
9
0
-8
-6
-4
-2
0
2
4
7
9
15
-8
-6
-4
-2
0
2
4
7
9
15
-4
-2
0
2
4
0
0
0
0
0
-6
-4
-2
0
2
4
7
0
0
0
-6
-4
-2
0
2
4
7
9
0
0
-6
-4
-2
0
2
4
7
9
0
0
-8
-6
-4
-2
0
2
4
7
9
15
-2
0
2
4
0
0
0
0
0
0
-6
-4
-2
0
2
4
7
0
0
0
-8
-6
-4
-2
0
2
4
7
9
15
-4
-2
0
2
4
7
0
0
0
0
-8
-6
-4
-2
0
2
4
7
9
15
-8
-6
-4
-2
0
2
4
7
9
15
-8
-6
-4
-2
0
2
4
7
9
15
-8
-6
-4
-2
0
2
4
7
9
15
