18
-3
-31
19
-3
-32
22
-1
-30
23
0
-29
19
-3
-33
17
-5
-35
21
-1
-32
19
-2
-33
18
-3
-34
19
-2
-35
20
-1
-35
19
-3
-29
20
-3
-31
23
0
-35
24
0
-33
25
1
-34
23
0
-36
21
-2
-37
19
-3
-36
19
-3
-34
17
-5
-34
13
-6
-33
14
-6
-33
13
-6
-34
13
-6
-34
10
-9
-36
8
-11
-34
9
-11
-35
10
-11
-37
7
-12
-38
1
-15
-38
-5
-18
-40
15
-3
-30
14
-4
-36
19
-2
-33
23
-1
-27
21
-3
-31
19
-2
-34
22
0
-32
21
-2
-33
21
-1
-33
17
-4
-37
17
-3
-35
19
-4
-28
21
-2
-29
25
1
-35
25
0
-36
25
-1
-40
24
-1
-42
19
-3
-40
16
-3
-35
14
-1
-30
11
-4
-29
8
-7
-28
8
-8
-29
9
-10
-31
13
-7
-30
12
-8
-33
11
-8
-33
10
-11
-37
10
-11
-39
6
-12
-41
0
-15
-40
-3
-16
-39
14
-4
-32
14
-5
-40
18
-3
-38
23
-3
-31
19
-6
-35
21
-1
-34
22
0
-33
22
0
-33
21
-1
-34
21
-1
-34
18
-2
-31
18
-5
-26
20
-3
-30
23
-1
-37
23
-2
-38
24
-2
-39
25
-1
-36
19
-2
-32
11
-3
-28
-2
-12
-31
-8
-15
-29
-15
-22
-30
-13
-23
-32
-6
-18
-30
-3
-17
-31
5
-12
-28
10
-8
-30
8
-10
-36
10
-10
-39
8
-11
-39
3
-12
-39
-3
-16
-40
17
-6
-36
17
-4
-40
19
-5
-41
27
-3
-34
23
-4
-34
23
0
-33
24
2
-31
24
1
-31
22
-1
-34
22
0
-33
23
3
-26
36
16
-5
29
7
-16
18
-3
-35
21
-1
-32
22
-2
-28
18
-3
-26
13
-3
-21
-11
-21
-32
-12
-17
-22
-15
-15
-16
-18
-15
-11
-24
-24
-21
-28
-30
-30
-21
-26
-29
-23
-31
-36
-6
-18
-33
4
-11
-33
8
-8
-34
8
-9
-36
6
-10
-36
1
-13
-38
17
-6
-35
17
-2
-31
20
-1
-31
25
-2
-32
24
-2
-34
21
-2
-36
24
2
-32
23
-1
-34
22
-2
-35
22
-1
-35
27
6
-25
67
54
33
39
22
1
14
-2
-27
12
-3
-25
10
-5
-19
-7
-21
-30
-26
-36
-41
-22
-27
-27
-6
-8
-4
-7
-4
4
-10
-2
8
-15
-8
0
-17
-13
-6
-28
-25
-21
-22
-22
-19
-22
-25
-32
-11
-19
-33
2
-12
-31
7
-9
-33
5
-13
-38
2
-14
-38
13
-5
-28
5
-7
-23
3
-10
-26
12
-3
-29
20
-1
-34
22
-2
-36
23
-1
-35
23
-1
-35
21
-3
-38
22
-1
-36
21
0
-35
30
12
-11
18
3
-15
2
-8
-26
-15
-24
-34
-32
-38
-41
-30
-33
-34
-32
-34
-33
-20
-19
-16
-4
-2
3
-1
2
9
-3
3
10
-6
-1
6
-17
-12
-5
-14
-10
-4
-18
-15
-10
-36
-33
-32
-32
-33
-38
-9
-19
-31
8
-7
-26
7
-11
-34
5
-12
-36
1
-10
-26
-9
-12
-14
-43
-45
-49
-20
-24
-43
16
0
-31
25
0
-34
24
-1
-36
25
0
-34
24
0
-35
23
-1
-38
22
2
-36
12
-6
-29
2
-11
-25
1
-5
-16
-13
-17
-19
-31
-28
-26
-26
-19
-18
-29
-24
-23
-23
-19
-17
4
7
9
12
14
15
0
0
2
-11
-10
-8
-10
-8
-6
-5
-3
-1
-22
-19
-15
-34
-26
-20
-43
-39
-36
-25
-31
-38
4
-11
-26
9
-10
-31
5
-14
-36
4
-1
-8
-14
-12
-7
-45
-42
-37
-30
-30
-35
10
-3
-27
23
0
-35
22
-2
-38
24
-1
-36
25
1
-31
20
-2
-30
8
-5
-30
-3
-13
-31
3
-4
-15
11
8
1
-5
-6
-6
-20
-17
-14
-18
-12
-9
-22
-16
-13
-26
-23
-20
0
0
1
21
20
20
6
4
4
-12
-14
-13
-10
-11
-9
-13
-14
-11
-22
-20
-17
-39
-32
-26
-41
-36
-31
-37
-39
-40
-10
-19
-30
7
-8
-30
6
-11
-36
25
25
22
-12
-7
0
-39
-33
-25
0
2
5
16
4
-13
20
-2
-34
21
0
-35
23
3
-30
22
2
-21
27
10
-5
-6
-16
-25
0
-7
-15
18
13
9
17
14
13
-2
-3
-2
-21
-21
-17
-23
-20
-15
-22
-18
-13
-24
-22
-18
-24
-26
-24
7
4
4
12
10
10
-6
-8
-6
-21
-21
-19
-23
-23
-20
-21
-20
-16
-29
-25
-21
-38
-34
-29
-46
-46
-43
-28
-33
-39
5
-6
-25
7
-8
-33
30
33
33
5
12
22
-17
-10
0
16
21
25
27
18
4
18
-1
-30
17
-1
-32
16
0
-25
45
35
23
62
54
52
45
35
34
17
8
8
27
20
23
13
8
11
0
-4
1
-17
-18
-14
-21
-19
-14
-28
-24
-19
-36
-34
-29
-27
-28
-26
7
4
4
10
9
10
5
4
5
-10
-11
-9
-21
-20
-17
-21
-18
-15
-22
-18
-15
-27
-23
-19
-41
-38
-34
-46
-49
-50
-16
-24
-34
4
-8
-26
32
37
39
-9
-1
10
10
19
30
22
29
35
29
22
10
17
-3
-30
19
0
-30
-1
-16
-32
48
45
42
62
60
68
52
41
47
22
10
15
32
23
28
17
11
15
0
-5
0
-3
-3
0
-26
-23
-20
-24
-21
-15
-44
-41
-36
-18
-18
-15
28
27
28
18
17
18
17
17
19
-10
-10
-7
-21
-19
-15
-12
-8
-5
-20
-16
-14
-26
-21
-18
-36
-33
-25
-46
-45
-40
-36
-40
-41
-11
-20
-33
35
41
47
-13
-5
6
6
15
27
25
32
41
34
28
18
23
2
-25
27
3
-28
5
-14
-34
-4
-12
-14
38
36
47
41
30
33
25
14
16
33
25
26
35
30
30
5
1
1
-4
-6
-5
-12
-11
-9
-22
-19
-14
-47
-44
-39
0
2
5
47
47
49
19
20
21
12
12
14
-17
-16
-13
-23
-21
-16
-17
-14
-9
-11
-7
-6
-22
-17
-13
-28
-24
-15
-38
-36
-28
-34
-35
-31
-27
-34
-44
35
43
50
-19
-12
0
1
9
22
28
35
45
27
22
16
23
3
-20
29
3
-29
19
-5
-32
-15
-28
-34
24
21
27
24
15
12
7
-2
-6
34
27
24
50
48
44
19
18
14
-1
-2
-4
-3
-2
0
-5
-2
3
-41
-38
-32
14
17
20
38
39
41
17
18
20
-1
0
4
-18
-16
-12
-22
-19
-14
-22
-19
-14
-16
-12
-11
-21
-17
-13
-22
-17
-9
-28
-25
-18
-25
-24
-23
-28
-35
-45
35
42
49
-17
-12
-1
15
21
33
33
40
49
-3
-4
-4
6
-6
-21
27
4
-26
23
-1
-30
-12
-25
-36
12
8
9
11
4
-1
23
18
13
35
32
28
56
55
53
30
31
29
9
8
7
1
0
1
-4
-2
3
-29
-26
-20
16
20
24
34
36
39
13
15
18
-6
-4
0
-21
-18
-14
-24
-21
-16
-29
-25
-19
-24
-21
-18
-14
-10
-6
-13
-9
-3
-19
-16
-13
-15
-16
-20
-17
-25
-39
38
44
51
-9
-6
4
24
28
38
34
39
47
-11
-5
3
-14
-16
-21
17
1
-24
23
3
-28
-13
-24
-39
-5
-6
-9
7
3
-1
40
38
36
36
35
36
26
27
30
11
13
20
16
14
16
12
11
11
-12
-10
-5
-29
-26
-19
15
20
25
30
32
37
7
9
13
3
6
10
-8
-5
0
-22
-17
-12
-18
-14
-7
-16
-12
-8
-9
-4
0
-5
-1
4
-13
-12
-14
-15
-18
-29
-4
-12
-32
40
45
52
4
7
18
26
28
39
33
34
43
3
11
21
-26
-19
-15
8
2
-9
17
4
-15
-5
-13
-29
3
2
-6
10
8
6
58
58
59
64
67
70
11
12
18
6
7
14
4
2
4
-2
-3
-2
-9
-7
-5
-16
-16
-16
11
9
8
24
23
23
15
17
19
-7
-5
-2
-21
-18
-14
-29
-25
-20
-21
-16
-10
-11
-7
-3
-7
-5
-3
-3
-4
-6
-12
-17
-28
-2
-12
-31
6
-7
-31
43
48
56
12
16
31
24
26
41
36
36
47
24
30
38
-26
-17
-8
1
4
12
7
5
5
7
2
-13
-16
-21
-38
16
14
16
27
26
28
21
20
20
8
8
7
-6
-6
-9
-6
-6
-8
-13
-9
-7
-11
-9
-10
-7
-15
-26
25
14
0
17
12
3
13
13
12
6
7
8
-9
-7
-4
-26
-23
-18
-25
-21
-15
-17
-14
-6
-13
-15
-13
-10
-19
-28
0
-16
-33
14
-5
-28
11
-7
-33
49
55
62
21
27
42
22
28
44
32
37
50
28
36
45
-17
-8
0
-16
-12
-1
17
18
23
13
11
4
-10
-14
-24
2
-1
0
-4
-7
-5
-6
-8
-9
-5
-7
-9
-12
-15
-18
-5
-4
-4
-21
-15
-9
-13
-8
-5
11
6
-1
-4
-12
-23
-31
-34
-40
2
2
0
5
5
6
-27
-27
-24
-35
-34
-30
-36
-34
-29
-29
-26
-22
-12
-14
-15
-5
-13
-23
10
-3
-20
14
-1
-23
8
-4
-28
48
53
56
29
37
49
23
32
47
27
36
49
28
37
47
0
8
16
-21
-16
-5
9
12
22
16
17
20
6
6
4
-11
-15
-14
-26
-30
-28
5
2
2
0
-3
-5
2
0
-2
12
14
16
-22
-14
-6
-18
-12
-6
14
12
9
4
0
-6
-4
-5
-7
-10
-10
-10
-27
-28
-26
-33
-33
-29
-44
-43
-36
-33
-31
-25
-21
-27
-36
5
-7
-25
17
1
-24
19
2
-28
16
-1
-33
14
-3
-33
41
42
42
34
40
46
25
33
43
27
35
45
29
36
44
11
18
27
-21
-15
-3
-3
2
15
-1
4
14
7
11
17
11
9
12
-30
-33
-30
2
0
2
-9
-11
-10
11
9
10
33
33
35
-5
0
8
-28
-24
-18
4
1
-1
7
4
0
5
7
8
-20
-17
-15
-40
-38
-34
-40
-37
-30
-43
-38
-29
-19
-15
-6
-2
-15
-25
21
0
-20
25
2
-23
22
-2
-29
18
-3
-30
13
-6
-33
22
22
23
39
42
46
30
34
39
29
31
38
31
36
42
15
22
31
-14
-8
4
4
10
23
25
32
45
-12
-7
4
-17
-15
-10
-24
-23
-18
-17
-15
-10
-1
0
6
29
31
38
36
36
40
14
17
24
-13
-10
-2
-20
-22
-21
-21
-23
-23
-35
-31
-26
-43
-37
-28
-47
-40
-30
-55
-47
-35
-43
-34
-20
-35
-26
-12
-9
-10
-16
11
4
-13
11
3
-16
2
-5
-24
1
-2
-20
-3
-7
-23
-4
2
11
39
46
53
29
34
40
29
29
35
31
35
42
7
15
24
-23
-17
-7
14
20
30
66
73
81
52
59
67
5
13
22
5
13
24
13
22
33
28
36
49
36
44
58
38
42
52
24
31
43
0
9
22
-8
-5
3
-35
-31
-24
-49
-38
-26
-50
-35
-20
-41
-26
-10
-36
-20
-1
-35
-18
3
-36
-19
4
-30
-10
10
-29
-9
8
-26
-7
9
-30
-12
4
-36
-14
4
-38
-15
6
-25
-7
16
28
45
61
27
37
49
28
31
40
29
34
43
8
16
25
-9
-3
5
47
53
58
70
76
80
70
76
82
46
60
71
0
14
29
-6
8
25
0
13
32
-5
9
29
-1
9
27
-11
4
24
-31
-14
8
-31
-17
0
-35
-20
-2
-40
-19
4
-41
-19
3
-40
-18
6
-38
-14
11
-38
-13
15
-40
-15
14
-45
-12
17
-40
-7
20
-36
-5
21
-42
-11
15
-45
-11
18
-45
-12
15
-46
-16
17
-16
11
35
11
28
47
24
32
47
29
36
49
22
30
39
22
27
33
67
72
74
70
75
76
56
64
69
-8
11
27
-35
-16
4
-39
-21
0
-41
-23
0
-41
-24
1
-42
-25
-2
-44
-21
6
-45
-20
9
-43
-20
5
-45
-20
6
-47
-17
11
-43
-15
11
-43
-16
12
-45
-17
13
-45
-16
15
-43
-14
19
-43
-13
18
-41
-12
18
-38
-12
17
-39
-13
16
-40
-12
19
-44
-15
16
-52
-15
20
-52
-17
14
-36
-8
16
4
20
40
23
35
48
4
11
18
38
40
43
71
74
77
64
72
78
9
23
39
-35
-13
13
-41
-19
8
-41
-19
8
-40
-18
9
-41
-19
9
-41
-19
6
-43
-17
7
-45
-19
7
-47
-20
6
-50
-21
5
-49
-19
9
-47
-17
11
-47
-18
11
-45
-16
14
-44
-14
16
-38
-8
23
-34
-8
21
-36
-9
21
-38
-8
23
-41
-10
22
-43
-13
20
-40
-8
25
-42
-3
32
-52
-13
20
-50
-18
11
-28
-6
18
2
17
35
2
11
22
50
54
58
71
76
81
34
45
56
-32
-14
8
-39
-15
13
-41
-16
11
-40
-15
13
-40
-15
13
-43
-19
9
-44
-20
6
-45
-20
5
-46
-20
4
-49
-21
5
-47
-19
7
-46
-17
10
-46
-16
15
-45
-14
16
-43
-12
19
-36
-5
25
-34
-4
27
-33
-5
24
-36
-5
25
-39
-5
28
-41
-7
27
-30
3
35
-23
11
43
-40
-2
34
-49
-10
24
-51
-17
14
-46
-19
10
-32
-12
12
2
16
33
54
63
72
63
72
80
0
14
27
-36
-14
5
-41
-17
10
-38
-13
15
-39
-14
14
-44
-20
8
-44
-20
8
-43
-19
8
-43
-19
8
-45
-19
8
-45
-17
10
-44
-16
13
-44
-15
15
-44
-11
20
-39
-6
25
-36
-4
28
-39
-7
25
-43
-11
20
-45
-12
20
-49
-15
19
-40
-5
30
-28
7
41
-22
12
43
-27
4
36
-41
-4
32
-49
-11
25
-52
-16
19
-49
-17
16
-44
-19
12
-26
-6
19
42
57
72
47
62
72
-15
5
20
-33
-7
12
-39
-13
14
-42
-17
11
-36
-11
16
-42
-17
10
-46
-21
6
-44
-20
8
-43
-19
10
-42
-17
12
-43
-16
14
-43
-16
15
-40
-11
20
-47
-14
19
-47
-14
19
-42
-8
24
-43
-9
24
-47
-14
19
-53
-18
16
-46
-9
27
-32
7
43
-32
5
40
-43
-11
21
-40
-12
19
-41
-5
32
-49
-11
24
-51
-14
22
-50
-16
20
-46
-16
19
-43
-19
11
-11
9
30
25
45
59
-33
-10
8
-39
-11
9
-40
-13
13
-39
-12
14
-35
-8
19
-36
-10
17
-39
-12
15
-44
-19
9
-45
-21
8
-46
-21
9
-43
-16
14
-41
-14
17
-43
-14
18
-45
-12
19
-46
-14
19
-47
-14
18
-48
-15
17
-46
-14
19
-44
-8
26
-34
4
41
-43
-4
33
-51
-15
20
-60
-32
-1
-40
-14
18
-31
4
40
-45
-10
24
-51
-16
18
-47
-15
23
-48
-17
19
-45
-16
15
-45
-21
5
-29
-6
16
-41
-16
5
-51
-23
0
-53
-26
0
-47
-20
7
-41
-14
13
-38
-10
17
-36
-8
18
-39
-14
13
-38
-13
15
-35
-10
18
-37
-10
19
-39
-11
19
-41
-12
18
-44
-13
18
-47
-16
15
-50
-19
11
-45
-15
16
-34
-3
28
-25
8
42
-28
8
43
-38
-1
35
-47
-11
23
-61
-30
2
-46
-18
13
-35
-1
35
-41
-8
24
-49
-18
15
-45
-15
22
-47
-15
19
-45
-14
16
-44
-16
11
-46
-20
4
-45
-18
6
-53
-25
0
-56
-28
-1
-52
-24
3
-53
-26
1
-52
-25
2
-49
-21
6
-43
-17
9
-38
-12
13
-34
-9
17
-32
-5
22
-27
1
29
-30
-2
27
-41
-12
16
-45
-16
13
-45
-16
13
-35
-7
22
-22
7
37
-9
22
52
-17
16
48
-35
-1
33
-54
-20
14
-52
-20
12
-57
-30
1
-39
-6
31
-38
-7
25
-44
-16
15
-45
-17
16
-46
-16
16
-46
-14
15
-46
-17
10
-47
-20
6
-49
-21
5
-54
-27
0
-56
-29
-2
-52
-25
2
-55
-27
0
-52
-25
2
-58
-30
-4
-58
-33
-9
-51
-26
-2
-43
-17
8
-35
-7
18
-28
1
27
-32
-3
23
-39
-12
15
-40
-12
14
-44
-17
10
-32
-5
23
-20
8
35
-11
16
43
-20
10
39
-42
-10
23
-55
-23
11
-50
-19
14
-57
-28
3
