-7
-4
-3
-2
-1
0
1
2
3
5
0
0
0
-7
-4
-3
-2
-1
0
1
2
3
5
8
0
0
-4
-3
-2
-1
0
1
2
3
5
8
0
0
0
-20
-7
-4
-3
-2
-1
0
1
2
3
5
8
15
-4
-3
-2
-1
0
1
2
3
5
8
0
0
0
-4
-2
-1
0
1
2
0
0
0
0
0
0
0
-4
-3
-2
-1
0
1
2
3
0
0
0
0
0
-7
-4
-3
-2
-1
0
1
2
3
5
0
0
0
-7
-4
-3
-2
-1
0
1
2
3
5
8
15
0
-4
-3
-2
-1
0
1
2
3
5
8
0
0
0
-20
-7
-4
-3
-2
-1
0
1
2
3
5
8
15
-20
-7
-4
-3
-2
-1
0
1
2
3
5
8
15
-7
-4
-3
-2
-1
0
1
2
3
5
8
15
0
-7
-3
-2
-1
0
1
2
3
5
8
0
0
0
-7
-4
-3
-2
-1
0
1
2
3
5
8
0
0
-7
-4
-3
-2
-1
0
1
2
3
5
0
0
0
