130
2649
1398
2157
351
1003
1245
-433
1039
2459
4008
5095
325
-1438
1939
1157
-350
2362
1062
615
-325
1936
-131
54
901
2482
-468
-153
1191
-1484
-44
729
1979
319
-724
2700
1397
-4191
-1394
1549
537
-168
-1243
-1187
-1586
1034
2868
3059
-2074
-1399
-668
3714
-1103
770
-99
606
-383
1957
692
-977
1447
1690
-2026
280
975
992
1539
-583
3667
534
455
499
-692
-251
-354
216
1288
-65
1127
833
552
705
1111
1656
1222
599
1686
-186
2180
2325
-792
-2419
4251
1843
1091
2727
-353
-643
-151
-1242
-1140
525
-883
-1938
6109
-1210
595
-373
417
1447
1779
1353
4777
613
1069
-1850
1196
570
-2695
-159
902
846
-1080
452
-231
3849
2654
-1308
