2684
4881
-872
-2755
10061
-1869
-3870
-604
4513
153
-27
630
-100
-2185
973
-1691
222
639
2825
-1016
-3530
-4160
-3380
-1391
-5598
-1956
-680
3440
-1271
3587
90
-4610
8060
-5162
5128
8726
-4524
-2407
5212
9875
-1829
-7633
1427
-3673
-1522
-4260
2485
2860
-181
-5433
5315
-826
-2211
-4893
888
1770
788
-2049
-1710
-491
208
5329
2694
2801
757
-210
27925
-3674
27739
-3023
564
4764
280
-19
-3291
17
20
105
-1295
-4091
-3979
-3922
13
-318
2709
-6026
6844
-2002
1066
-1962
276
191
-3027
-1753
5707
-6669
-105
-4793
-2234
417
633
2134
5056
-7948
-5983
4440
-573
3883
-4629
-484
-2721
5903
2269
18828
8288
-3290
-11274
478
-5198
633
-296
-1875
3205
-589
-1374
-3234
4234
-2352
