82
110
162
79
106
156
78
105
155
78
105
155
79
106
156
80
107
157
81
108
158
81
109
160
82
110
160
84
111
162
86
111
164
89
113
164
90
116
164
91
117
163
92
117
162
93
119
162
93
119
163
93
119
163
94
120
164
94
120
164
95
121
163
95
121
161
95
121
161
95
122
162
95
122
162
96
122
162
97
125
161
100
127
162
100
127
162
101
128
163
102
128
163
109
131
165
80
105
151
78
102
149
78
105
152
79
106
155
80
108
156
83
111
158
85
113
161
85
113
161
85
113
162
88
116
163
91
116
164
91
117
163
92
118
162
93
119
162
95
121
162
95
122
161
96
122
162
98
125
163
100
127
165
102
128
166
105
129
164
108
130
163
111
131
164
112
133
165
113
134
165
114
136
164
114
137
161
115
139
161
116
139
162
117
141
163
119
141
163
128
144
166
107
122
158
97
116
154
93
115
155
92
117
160
93
117
160
95
118
161
96
120
162
97
120
162
97
120
163
100
122
164
103
125
164
104
126
164
105
127
163
107
129
163
108
131
163
109
133
163
111
134
164
112
136
165
114
137
166
115
138
167
118
138
165
122
138
163
124
139
165
125
140
165
125
140
166
126
143
164
127
145
162
128
146
161
129
147
163
130
149
164
131
148
164
138
149
166
128
134
157
118
127
155
108
122
154
106
124
158
108
125
161
109
125
160
112
127
161
112
126
161
112
127
162
114
129
163
118
131
162
119
134
162
122
137
163
124
139
163
126
141
162
127
143
163
128
144
164
129
145
165
129
145
165
130
146
166
131
145
165
134
145
164
135
146
165
136
147
166
136
147
166
137
148
166
139
150
167
139
152
166
139
152
167
140
153
167
139
152
167
142
154
167
129
127
148
122
125
148
116
125
153
114
127
157
119
131
161
123
133
161
125
134
162
128
138
164
130
141
166
132
144
167
136
146
166
137
147
166
137
148
166
138
149
166
139
150
165
140
152
165
140
153
165
141
153
165
140
153
166
139
153
167
140
153
167
140
153
167
141
153
167
142
153
167
142
153
168
142
153
168
142
153
168
142
152
168
142
152
168
143
152
168
142
152
168
143
155
168
130
128
149
126
127
151
122
129
154
120
133
158
127
137
162
131
139
163
132
140
163
137
145
164
141
149
166
141
152
166
141
153
166
141
153
166
140
152
165
140
152
165
140
152
165
142
154
164
142
155
163
141
154
163
140
153
165
139
152
167
139
152
167
140
154
166
140
154
166
142
154
167
142
154
167
143
154
167
143
153
167
143
153
167
143
153
167
143
152
168
143
152
167
143
155
168
130
129
149
128
131
152
127
135
155
128
138
158
132
143
162
135
144
162
136
145
162
137
147
161
140
150
162
142
153
163
141
153
166
142
154
167
142
154
167
142
154
167
142
154
166
142
155
164
142
154
165
143
154
167
141
152
167
139
148
165
143
153
168
143
154
167
141
153
166
142
153
167
142
154
167
142
154
167
142
154
166
143
154
165
143
154
165
143
154
165
142
154
164
143
155
168
131
131
154
131
135
155
132
139
157
132
141
158
134
143
161
136
145
161
137
146
160
139
149
160
141
152
161
143
154
163
142
154
166
141
153
167
142
154
167
141
153
166
140
152
165
141
154
163
141
154
166
137
146
164
75
80
103
44
45
67
96
99
117
139
145
161
143
153
167
143
153
167
142
154
167
141
153
167
141
153
167
142
154
167
142
154
165
142
155
163
141
154
162
143
155
167
128
130
160
128
131
160
131
135
160
131
137
158
132
139
160
132
141
161
134
143
161
136
145
161
139
148
161
140
150
163
139
150
164
140
152
165
141
153
166
141
153
166
140
152
164
139
153
161
143
155
168
113
118
143
8
5
36
-32
-39
-14
-2
-9
11
78
75
94
118
121
137
134
141
156
141
154
166
139
153
167
136
148
166
136
148
166
137
150
166
138
153
164
139
153
163
142
154
166
117
121
157
118
121
154
122
124
155
124
125
154
124
128
155
124
131
156
125
133
155
126
135
155
129
137
157
130
139
157
130
141
155
132
144
158
134
145
160
135
146
161
136
147
160
137
150
160
95
106
124
13
15
49
2
-3
33
34
27
54
33
23
42
38
28
48
50
47
65
79
83
100
134
146
160
126
140
158
113
126
155
116
129
157
125
139
161
132
148
165
130
146
160
128
140
155
112
119
145
112
118
147
115
120
152
117
120
155
118
121
152
119
124
148
120
126
148
122
129
151
125
133
157
126
135
157
128
137
154
129
138
158
131
140
162
132
141
161
132
143
158
134
145
160
33
43
69
-52
-45
-3
-37
-34
8
-15
-18
19
39
26
51
68
50
68
20
10
30
39
41
60
113
126
145
112
128
149
115
130
155
108
124
152
112
126
154
122
137
160
117
133
153
119
131
154
114
116
141
113
115
141
114
116
144
116
119
149
118
121
148
120
124
146
120
124
147
124
127
151
127
131
155
127
133
155
126
135
153
128
136
157
130
137
163
131
139
162
134
143
160
127
137
156
23
31
65
-55
-47
-1
-51
-47
0
-57
-59
-18
-15
-27
2
55
42
62
20
12
33
46
46
66
115
122
142
129
143
161
127
141
161
122
136
158
113
127
153
114
128
154
119
135
154
124
136
157
112
108
135
112
109
136
114
113
141
112
112
138
112
115
141
117
120
148
116
117
148
120
119
149
120
119
144
117
118
138
117
122
142
116
121
146
115
119
147
118
124
148
131
137
157
98
105
131
-1
5
44
-51
-46
2
-44
-43
6
-45
-49
-9
-36
-43
-13
23
17
41
55
51
74
86
85
105
131
133
151
139
146
163
125
138
155
118
131
153
126
138
161
117
130
153
115
128
147
118
130
151
107
102
129
103
100
131
91
92
124
79
83
117
84
91
124
84
92
128
85
89
132
94
93
135
111
109
141
120
120
143
115
115
139
109
110
138
98
98
131
107
107
136
127
129
153
85
88
117
-9
-6
33
-37
-34
11
-21
-21
23
-9
-14
20
24
18
44
95
93
115
127
127
148
129
128
148
128
127
147
124
127
148
106
116
138
93
102
131
92
100
132
90
99
126
84
93
117
85
94
123
97
96
120
86
88
120
66
71
112
46
55
103
44
57
103
40
55
100
42
51
105
44
46
99
77
79
117
114
115
141
111
110
136
89
87
118
79
75
110
96
94
126
107
107
132
105
107
134
40
43
78
5
9
49
32
33
68
18
14
39
66
59
75
120
116
132
126
125
143
118
118
139
112
113
137
102
106
132
95
102
133
82
88
124
73
79
118
83
89
125
89
96
127
86
96
131
73
76
105
58
68
104
46
60
102
34
46
94
26
38
89
23
37
89
22
34
90
22
32
86
35
45
90
58
66
102
73
79
109
60
64
98
58
61
98
69
72
109
63
65
102
79
82
115
50
55
88
12
15
49
34
33
65
-5
-10
15
18
12
32
84
79
102
93
90
115
105
105
132
97
99
128
79
81
114
86
89
126
65
68
107
56
60
99
69
74
112
75
83
116
82
90
126
26
35
84
15
31
81
12
29
81
14
28
83
12
26
85
6
26
85
5
25
83
6
25
80
12
31
84
25
41
91
39
48
95
42
48
95
36
42
90
33
37
87
40
46
95
24
31
73
-13
-6
31
-48
-45
-9
-53
-51
-19
-46
-48
-16
-25
-29
3
-1
-5
27
16
13
45
65
62
95
91
90
123
85
84
119
78
78
116
72
73
112
69
73
109
71
79
113
56
64
97
57
64
96
9
23
84
5
24
84
4
23
84
5
22
87
5
27
88
0
27
84
0
23
79
8
25
80
20
33
88
25
34
89
32
36
91
33
37
91
34
40
90
26
33
83
-10
-3
45
-45
-33
10
-39
-24
18
-55
-42
-1
-62
-50
-11
-59
-48
-9
-21
-16
19
-2
-5
28
-20
-23
9
-6
-10
22
28
25
57
67
64
96
71
70
104
75
75
112
75
78
113
66
70
106
52
59
94
48
53
87
11
27
77
12
28
71
11
27
71
10
25
76
4
19
68
10
22
66
26
34
78
37
40
83
59
55
98
61
57
99
49
51
93
52
57
98
39
48
86
-19
-8
28
-59
-47
-11
-45
-28
18
-23
-4
46
-32
-12
37
-9
13
62
-17
5
56
24
36
78
48
50
85
11
10
44
-7
-11
21
5
-1
29
24
18
47
48
44
74
69
68
99
74
75
108
66
68
103
59
62
99
61
64
99
24
32
73
38
42
70
56
59
88
40
44
83
4
6
48
23
23
64
44
43
81
43
38
76
50
44
79
54
50
83
40
41
69
9
13
42
-42
-36
-1
-56
-46
-9
-35
-21
20
-23
-9
45
-32
-15
44
-24
-5
55
-9
14
76
-18
7
70
11
26
77
40
45
81
22
22
56
9
4
36
17
9
37
34
25
50
33
28
54
37
33
60
49
47
79
51
51
88
48
48
88
50
51
88
27
26
70
49
43
76
58
50
83
36
29
71
15
13
58
26
25
70
26
28
70
31
33
73
29
34
71
9
13
47
-35
-37
-4
-66
-65
-28
-62
-56
-10
-47
-36
17
-32
-16
40
-25
-11
50
-33
-16
46
-31
-12
54
-18
1
71
-13
8
76
6
20
73
34
38
78
22
24
58
21
17
47
37
29
55
44
35
58
51
46
67
47
42
67
33
28
58
37
34
68
48
46
85
49
48
84
37
36
77
22
19
59
9
6
46
13
10
51
18
16
57
20
17
57
15
16
54
2
5
40
-21
-16
17
-60
-56
-23
-78
-74
-39
-66
-58
-14
-54
-41
12
-48
-30
27
-32
-11
47
-24
-2
58
-26
-2
55
-30
-5
57
-15
4
74
6
20
77
31
36
83
36
36
80
57
62
96
48
52
78
60
56
80
69
62
83
61
57
75
59
54
74
57
53
77
43
37
65
35
29
59
43
41
71
28
23
60
11
6
42
24
18
56
35
29
67
29
26
64
16
15
52
-15
-15
21
-65
-64
-28
-81
-78
-43
-80
-75
-40
-69
-59
-21
-52
-40
8
-40
-24
31
-22
-2
56
-10
14
71
-15
8
68
-20
7
64
-23
4
65
-19
0
69
14
28
79
63
69
109
43
43
87
66
71
108
82
89
118
81
81
107
83
78
99
80
75
94
77
73
91
67
62
85
63
57
83
47
42
67
20
16
45
21
14
48
14
7
41
23
16
50
31
24
57
17
14
49
-26
-27
10
-67
-66
-28
-78
-75
-37
-68
-64
-25
-60
-51
-11
-52
-38
7
-33
-18
36
-22
-5
55
-18
3
64
-21
0
60
-24
-2
61
-26
0
59
-30
-3
58
-25
-6
60
22
36
84
83
91
127
56
59
99
51
59
99
62
69
105
80
82
112
95
92
116
62
57
80
70
66
88
83
79
100
69
64
87
67
62
86
55
51
77
21
14
50
13
7
42
15
9
45
-10
-16
19
-57
-60
-27
-81
-78
-45
-76
-73
-36
-68
-62
-22
-64
-57
-13
-62
-51
-4
-42
-23
27
-24
-4
54
-19
0
65
-25
-5
58
-29
-8
54
-26
-5
61
-30
-3
58
-31
-4
58
-26
-8
58
29
45
89
82
92
123
58
64
102
43
52
96
45
52
96
73
76
109
98
97
123
65
60
85
48
43
67
89
84
107
92
88
108
75
72
91
74
71
94
-1
-3
37
-14
-16
23
-45
-48
-8
-69
-73
-32
-74
-73
-37
-71
-67
-33
-72
-67
-30
-69
-62
-19
-62
-53
-6
-53
-39
12
-33
-12
44
-28
-5
56
-25
-5
61
-23
-4
61
-22
-3
59
-22
-1
67
-20
6
69
-22
4
68
-23
-4
60
27
43
85
63
74
102
51
60
95
38
47
94
33
41
88
55
57
95
86
85
114
89
83
110
54
48
74
65
60
83
88
83
102
88
84
100
83
76
98
-42
-39
-1
-69
-65
-27
-81
-77
-38
-69
-64
-23
-62
-52
-12
-70
-60
-18
-70
-58
-13
-65
-50
0
-40
-24
30
-24
-5
51
-25
-4
56
-25
-4
58
-26
-5
58
-28
-6
56
-24
-5
57
-20
-1
66
-21
5
73
-24
5
73
-18
5
68
11
24
68
36
44
77
49
56
94
43
50
96
33
37
86
40
42
86
71
71
105
97
93
120
88
82
108
57
51
76
74
68
88
86
79
96
102
94
113
-71
-66
-30
-75
-67
-30
-62
-52
-12
-60
-49
-8
-65
-51
-8
-55
-40
7
-49
-33
18
-47
-29
26
-40
-19
39
-31
-10
51
-29
-8
54
-28
-6
55
-29
-8
54
-35
-14
47
-28
-6
55
-25
-6
58
-22
3
70
-28
3
73
-11
14
75
29
42
89
47
53
90
60
66
103
66
71
114
49
52
99
34
36
81
47
48
86
97
96
122
116
112
138
103
97
123
85
78
100
68
59
78
102
93
109
-66
-59
-20
-60
-51
-10
-58
-48
-4
-60
-49
-4
-53
-39
7
-45
-30
17
-48
-33
18
-57
-39
16
-47
-27
31
-33
-12
48
-37
-16
46
-33
-12
49
-42
-21
40
-41
-20
41
-36
-15
46
-32
-11
52
-28
-3
62
-26
0
67
-14
7
68
21
34
85
63
71
107
86
93
124
83
90
128
58
65
108
25
33
75
39
44
81
83
83
114
112
110
136
111
108
131
101
96
119
60
52
76
72
65
83
-57
-49
-6
-58
-48
-2
-55
-43
4
-48
-33
15
-45
-30
17
-53
-38
10
-57
-41
10
-53
-34
20
-41
-20
38
-40
-19
41
-40
-19
42
-39
-18
44
-47
-27
35
-37
-16
45
-33
-12
49
-22
1
64
-26
-2
62
-29
-4
59
-29
-9
50
-13
-1
55
51
61
98
95
102
131
71
79
117
34
43
88
10
22
67
43
53
95
75
78
113
115
115
141
115
115
135
105
102
126
65
57
86
34
27
51
-57
-47
0
-53
-40
8
-44
-31
20
-44
-29
23
-53
-37
11
-60
-47
0
-43
-28
23
-37
-19
35
-44
-23
35
-40
-19
41
-36
-15
46
-43
-22
39
-43
-22
39
-32
-11
50
-23
-2
59
-17
9
71
-24
1
62
-36
-15
45
-28
-11
48
-11
1
62
33
41
85
69
73
106
50
57
102
16
26
78
-10
4
58
27
41
90
63
68
107
102
105
129
120
124
141
107
107
129
69
64
98
23
17
50
-48
-36
16
-44
-30
21
-43
-28
26
-48
-31
22
-56
-39
12
-47
-30
21
-44
-25
28
-48
-29
28
-43
-22
37
-39
-18
44
-40
-19
41
-46
-25
35
-36
-15
45
-29
-9
54
-21
0
62
-19
7
69
-28
-3
58
-39
-19
40
-21
-5
54
-13
1
61
22
32
80
62
68
108
50
55
104
8
16
70
-15
-1
56
9
23
76
44
47
88
88
91
117
105
108
126
102
101
124
91
87
119
57
53
88
