-4
-2
0
2
4
0
0
0
-4
-2
0
2
4
0
0
0
0
0
0
0
0
0
0
0
-6
-4
-2
0
2
4
8
14
-6
-4
-2
0
2
4
8
0
-6
-4
-2
0
2
4
8
14
-6
-4
-2
0
2
4
8
0
0
0
0
0
0
0
0
0
-6
-4
-2
0
2
4
8
0
-6
-4
-2
0
2
4
8
0
-6
-4
-2
0
2
4
8
14
0
0
0
0
0
0
0
0
-6
-4
-2
0
2
4
8
14
-6
-4
-2
0
2
4
8
0
0
0
0
0
0
0
0
0
-4
-2
0
2
4
8
0
0
0
0
0
0
0
0
0
0
0
0
0
0
0
0
0
0
-2
0
2
4
0
0
0
0
0
0
0
0
0
0
0
0
0
0
0
0
0
0
0
0
0
0
0
0
0
0
0
0
0
0
0
0
0
0
0
0
-6
-4
-2
0
2
4
8
14
0
0
0
0
0
0
0
0
0
0
0
0
0
0
0
0
0
0
0
0
0
0
0
0
-6
-4
-2
0
2
4
8
14
0
0
0
0
0
0
0
0
0
0
0
0
0
0
0
0
0
0
0
0
0
0
0
0
0
0
0
0
0
0
0
0
