-8
-4
-2
0
2
4
12
-8
-4
-2
0
2
4
12
-4
-2
0
2
4
0
0
-8
-4
-2
0
2
4
0
-8
-4
-2
0
2
4
0
-8
-4
-2
0
2
4
12
-8
-4
-2
0
2
4
12
-8
-4
-2
0
2
4
12
-8
-4
-2
0
2
4
12
-8
-4
-2
0
2
4
0
-8
-4
-2
0
2
4
12
-8
-4
-2
0
2
4
0
-2
0
2
0
0
0
0
-2
0
0
0
0
0
0
-8
-4
-2
0
2
4
0
-8
-4
-2
0
2
4
12
0
0
0
0
0
0
0
-2
0
2
0
0
0
0
-2
0
2
0
0
0
0
-8
-4
-2
0
2
4
0
-8
-4
-2
0
2
4
12
-8
-4
-2
0
2
4
12
0
0
0
0
0
0
0
-4
-2
0
2
4
0
0
-4
-2
0
2
0
0
0
-4
-2
0
2
4
0
0
-8
-4
-2
0
2
4
12
-8
-4
-2
0
2
4
12
-4
-2
0
2
4
0
0
-4
-2
0
2
4
0
0
-8
-4
-2
0
2
4
12
-8
-4
-2
0
2
4
12
