-12
-8
-4
0
4
8
12
-12
-8
-4
0
4
8
12
-8
-4
0
4
8
0
0
-8
-4
0
4
8
12
0
-12
-8
-4
0
4
8
12
-12
-8
-4
0
4
8
12
-12
-8
-4
0
4
8
12
-12
-8
-4
0
4
8
12
-12
-8
-4
0
4
8
12
-12
-8
-4
0
4
8
12
-8
-4
0
4
8
0
0
-12
-8
-4
0
4
8
12
-8
-4
0
4
8
12
0
-8
-4
0
4
0
0
0
-12
-8
-4
0
4
8
12
-12
-8
-4
0
4
8
12
-4
0
4
8
0
0
0
-8
-4
0
4
8
0
0
-8
-4
0
4
8
0
0
-12
-8
-4
0
4
8
12
-8
-4
0
4
8
0
0
-12
-8
-4
0
4
8
12
-4
0
0
0
0
0
0
-12
-8
-4
0
4
8
12
-12
-8
-4
0
4
8
12
-12
-8
-4
0
4
8
12
-12
-8
-4
0
4
8
12
-12
-8
-4
0
4
8
12
-12
-8
-4
0
4
8
12
-12
-8
-4
0
4
8
12
-12
-8
-4
0
4
8
12
-4
0
4
0
0
0
0
