-14
-8
-4
-2
0
2
4
6
12
-14
-8
-4
-2
0
2
4
6
12
-14
-8
-4
-2
0
2
4
6
12
-8
-4
-2
0
2
4
6
12
0
-14
-8
-4
-2
0
2
4
6
12
-14
-8
-4
-2
0
2
4
6
12
-14
-8
-4
-2
0
2
4
6
12
-14
-8
-4
-2
0
2
4
6
12
-14
-8
-4
-2
0
2
4
6
0
-14
-8
-4
-2
0
2
4
6
12
-14
-8
-4
-2
0
2
4
6
12
-14
-8
-4
-2
0
2
4
6
12
-14
-8
-4
-2
0
2
4
6
12
-8
-4
-2
0
2
4
6
12
0
-14
-8
-4
-2
0
2
4
6
12
-14
-8
-4
-2
0
2
4
6
12
-14
-8
-4
-2
0
2
4
6
0
-14
-8
-4
-2
0
2
4
6
0
-14
-8
-4
-2
0
2
4
6
12
-14
-8
-4
-2
0
2
4
6
12
-14
-8
-4
-2
0
2
4
6
12
-14
-8
-4
-2
0
2
4
6
12
-14
-8
-4
-2
0
2
4
6
12
-8
-4
-2
0
2
4
6
12
0
-14
-8
-4
-2
0
2
4
6
12
-14
-8
-4
-2
0
2
4
6
12
-8
-4
-2
0
2
4
6
12
0
-14
-8
-4
-2
0
2
4
6
12
-14
-8
-4
-2
0
2
4
6
12
-14
-8
-4
-2
0
2
4
6
12
-14
-8
-4
-2
0
2
4
6
12
-14
-8
-4
-2
0
2
4
6
12
