35
-82
68
69
-375
-157
339
404
-207
-151
-132
392
-617
-122
416
175
317
253
223
13
412
104
-524
-82
-1266
577
-378
210
-208
-640
-144
452
123
-178
64
332
196
51
-208
-9
193
191
213
222
-71
154
75
113
232
-692
343
-230
638
-741
-654
147
697
-16
178
316
-35
145
-354
656
175
211
307
160
74
114
-84
-68
-123
199
-25
55
519
155
-715
246
-9
478
15
329
-198
-377
207
167
407
-389
547
-147
-722
-96
135
102
432
-43
-234
620
108
134
403
226
798
-256
85
115
298
261
-27
84
-232
827
307
235
90
236
38
30
497
177
122
-8
341
-30
-22
-359
