12
13
-439
20
48
7
647
-68
12
77
23
-520
189
28
-109
-672
278
-23
-441
9
34
12
415
-26
-14
-661
26
12
6
-205
-9
26
74
587
-621
528
-713
144
12
11
196
-277
199
-107
44
197
155
-182
-353
215
23
-567
-364
215
11
5
953
-155
-285
782
34
-280
15
-414
0
17
-114
103
-102
-6
164
0
230
17
48
1078
200
-16
32
-70
141
221
45
263
291
524
586
323
26
-10
-29
61
4
805
-674
-746
22
-695
-133
251
-39
0
456
16
46
-324
-1917
-268
6
117
8
397
15
-12
-550
-4
0
-284
111
38
-404
-2097
-688
-2
-178
-35
-113
-3
-583
529
-284
298
417
889
-106
-211
85
-701
13
159
152
10
183
-296
-279
-224
14
84
-800
443
-289
-65
261
143
-63
176
-425
545
14
13
26
160
29
-11
877
337
-859
40
-325
6
464
23
-1561
-459
389
-273
30
16
388
571
146
-35
17
936
9
0
0
218
145
16
-624
17
9
-14
1397
11
-82
31
-503
-799
4
118
0
20
-678
0
264
518
49
747
-316
-153
-30
717
-535
-40
-567
208
-52
-67
19
232
1
24
612
-195
13
-177
22
39
-359
20
146
17
568
8
-237
30
-88
-33
-142
-891
15
-295
55
-410
-417
-243
338
-473
35
8
19
22
15
-166
