-3
-2
-1
0
1
2
3
4
0
0
0
0
0
0
0
-4
-3
-2
-1
0
1
2
4
0
0
0
0
0
0
0
-2
-1
0
1
2
4
0
0
0
0
0
0
0
0
0
-3
-2
-1
0
1
2
3
5
0
0
0
0
0
0
0
-6
-4
-3
-2
-1
0
1
2
3
5
7
10
14
0
0
-6
-4
-3
-2
-1
0
1
2
3
4
7
10
0
0
0
-3
-2
-1
0
1
2
3
5
0
0
0
0
0
0
0
-3
-2
-1
0
1
2
3
4
5
0
0
0
0
0
0
-12
-6
-4
-3
-2
-1
0
1
2
3
4
5
7
10
0
-6
-4
-3
-2
-1
0
1
2
3
5
0
0
0
0
0
-6
-4
-3
-2
-1
0
1
2
3
0
0
0
0
0
0
-4
-3
-2
-1
0
1
2
3
7
0
0
0
0
0
0
-3
-2
-1
0
1
2
3
4
5
10
0
0
0
0
0
-12
-6
-4
-3
-2
-1
0
1
2
3
4
5
7
0
0
-3
-2
-1
0
1
2
3
4
5
0
0
0
0
0
0
-3
-2
-1
0
1
2
3
0
0
0
0
0
0
0
0
