-19
-12
-6
-2
0
2
4
10
16
0
0
0
-19
-12
-6
-2
0
2
4
10
16
49
0
0
-12
-6
-2
0
2
4
10
16
0
0
0
0
-19
-12
-6
-2
0
2
4
10
0
0
0
0
-39
-12
-6
-2
0
2
4
10
16
30
0
0
-12
-6
-2
0
2
4
10
16
0
0
0
0
-39
-19
-12
-6
-2
0
2
4
10
16
30
49
-39
-19
-12
-6
-2
0
2
4
10
16
30
0
-19
-12
-6
-2
0
2
4
10
16
0
0
0
-19
-12
-6
-2
0
2
4
10
16
0
0
0
-39
-19
-12
-6
-2
0
2
4
10
16
30
0
-19
-12
-6
-2
0
2
4
10
16
0
0
0
-19
-12
-6
-2
0
2
4
10
16
0
0
0
-12
-6
-2
0
2
4
10
16
30
0
0
0
-39
-19
-12
-6
-2
0
2
4
10
16
30
0
-39
-19
-12
-6
-2
0
2
4
10
16
30
0
