5
16
1516
44
-1057
2
206
-10
12
-49
11
-287
891
23
138
-151
14
136
-207
9
212
-25
-271
-354
110
81
6
297
11
23
-37
9
18
59
-417
14
12
26
7
13
608
62
136
18
9
250
11
-79
79
-420
0
171
1318
103
5
12
4
188
20
32
30
16
-2
12
2308
15
-242
8
-531
14
487
444
356
10
44
128
722
-211
11
-206
9
4
31
971
-63
528
131
1244
24
68
10
107
9
688
-362
-436
24
-995
19
319
-54
320
13
14
-47
-66
-348
1870
2
19
4
4
15
14
-362
186
25
1254
197
37
-122
-706
-5
1285
9
38
-523
1067
689
476
68
-164
303
205
1052
-34
600
-494
26
1400
-528
5
-37
-37
-100
24
37
89
-383
-264
-18
-844
-833
410
14
-305
-14
-379
12
14
6
136
4
3
-363
7
-967
21
-94
278
77
22
-749
-335
-304
553
80
18
-78
13
567
8
72
-337
9
656
11
125
56
15
7
15
12
-7
254
7
-44
51
10
-378
-31
56
957
17
-658
28
-41
620
-103
108
40
1300
-95
35
-93
4
40
201
-293
197
17
-145
-361
9
9
-147
11
-1
14
246
-678
9
391
6
16
15
-313
23
-12
-125
-30
37
6
25
-102
17
16
-391
153
-255
21
15
12
17
17
361
