9355
-6878
3009
-739
-4345
-2425
-1767
4623
-6050
918
2093
-979
5314
2851
1225
6152
4211
10716
-32768
2967
-3949
-840
90
2863
-5038
2885
-2140
3310
357
-10604
12879
320
6372
-55
-188
5517
7993
1674
4697
790
5525
1391
796
-4514
-15678
-7007
105
11268
3075
2340
8760
-10247
5238
-4540
-2198
1640
1347
2307
-154
1590
-1177
3211
-8028
-5241
-2866
2563
-569
-27455
-2370
2217
-1908
2735
1649
-5146
901
7624
-3360
1983
-6621
-170
876
14799
-2080
-3936
218
63
19059
11869
330
7369
-1654
-4168
24812
571
-992
-5323
3504
-2873
1998
-2524
5232
3737
7847
12249
2253
4634
6723
2321
2497
-3372
5842
-19
-88
-6167
-843
-3453
461
4756
2273
-698
1026
-8327
1129
1627
-2147
7718
6259
-21769
