1115
-1061
-40
-4301
2101
4310
-4200
-857
-1339
5275
1509
6950
1829
2312
-6376
-2287
1053
-899
6807
2549
3706
1178
2450
-4738
644
-1478
-2583
-2128
3050
1220
14246
-4348
2728
1580
5542
362
-3508
3167
48
823
-6432
-4224
3394
-1367
-2822
-3238
1261
1014
-3230
1746
111
-4089
-2018
5110
2774
-2213
-134
1529
3033
-2131
5288
3301
-1720
-5783
-205
-4381
990
10834
-3598
918
2753
1369
1632
-7317
5738
1470
4747
1079
7893
-1257
-2908
-1008
279
-319
2286
1794
2185
2449
-3610
-4689
1244
2241
-930
-2288
-2879
5808
1300
-4399
10015
6033
-1428
-2574
-4055
-77
1363
304
461
-3371
-3448
-1115
8025
1317
3591
6758
5734
-11607
-345
-2984
-2737
87
4576
-2346
6795
4148
-3157
-2149
-3685
8885
