405
93
-118
219
-27
159
308
-78
716
398
801
7
-15
3
336
271
245
-220
-432
1154
433
-74
0
0
159
-1
-449
152
14
-90
23
70
178
-14
580
757
670
-72
439
191
-81
341
237
120
290
0
527
337
28
710
497
59
0
53
253
1271
103
160
-104
328
1430
157
281
263
0
70
248
47
-55
366
458
0
664
346
165
-377
0
-536
527
-127
510
-81
473
0
-433
-22
417
0
-88
0
346
560
-25
-9
-28
602
-305
-241
144
326
238
0
354
841
268
438
-177
0
-10
236
334
-194
-109
278
43
98
330
0
171
154
289
-13
317
0
362
207
485
-1
-167
-38
164
199
-151
0
0
368
-143
110
314
21
189
139
158
505
-307
431
148
254
-406
631
43
-20
-147
-127
-259
237
64
59
301
857
399
-147
365
-490
-82
409
-1
1375
275
299
126
435
-76
48
0
-115
-215
-1336
-323
370
-195
-314
394
-49
-37
0
978
449
162
71
448
-227
141
286
58
2262
323
172
127
0
391
-238
0
133
0
383
125
-16
456
207
283
-100
-3
530
0
336
-55
-117
317
-549
205
-300
80
340
-320
491
-6
483
-35
-94
-79
80
207
-100
-140
823
-510
28
344
346
241
741
348
102
265
391
0
-282
326
-151
264
289
1732
-78
-87
-138
