-8
-6
-4
-2
0
2
4
6
8
14
-8
-6
-4
-2
0
2
4
6
8
0
-8
-6
-4
-2
0
2
4
6
0
0
-8
-6
-4
-2
0
2
4
6
8
14
-8
-6
-4
-2
0
2
4
6
8
0
-8
-6
-4
-2
0
2
4
6
8
0
-8
-6
-4
-2
0
2
4
6
8
14
-8
-6
-4
-2
0
2
4
6
8
0
-8
-6
-4
-2
0
2
4
6
8
14
-6
-4
-2
0
2
4
6
8
0
0
-8
-6
-4
-2
0
2
4
6
8
0
-8
-6
-4
-2
0
2
4
6
8
0
-8
-6
-4
-2
0
2
4
6
8
0
-8
-6
-4
-2
0
2
4
6
8
0
-8
-6
-4
-2
0
2
4
6
8
0
-6
-4
-2
0
2
4
6
8
0
0
-8
-6
-4
-2
0
2
4
6
8
14
-8
-6
-4
-2
0
2
4
6
8
0
-8
-6
-4
-2
0
2
4
6
8
0
-6
-4
-2
0
2
4
6
8
14
0
-8
-6
-4
-2
0
2
4
6
8
0
-6
-4
-2
0
2
4
6
0
0
0
-8
-6
-4
-2
0
2
4
6
0
0
-8
-6
-4
-2
0
2
4
6
8
14
-8
-6
-4
-2
0
2
4
6
8
14
-8
-6
-4
-2
0
2
4
6
8
0
-8
-6
-4
-2
0
2
4
6
8
14
-8
-6
-4
-2
0
2
4
6
8
14
-6
-4
-2
0
2
4
6
8
0
0
-8
-6
-4
-2
0
2
4
6
8
14
-8
-6
-4
-2
0
2
4
6
8
14
-8
-6
-4
-2
0
2
4
6
8
0
