75
-10
-122
77
-12
-127
90
-1
-118
92
3
-113
79
-10
-129
70
-17
-140
84
-3
-127
77
-8
-131
75
-12
-133
77
-8
-140
81
-1
-140
79
-12
-115
81
-12
-122
92
1
-140
99
1
-131
101
6
-133
94
1
-142
84
-8
-147
79
-12
-144
79
-10
-136
70
-17
-133
55
-21
-131
57
-21
-131
53
-24
-136
55
-21
-133
42
-35
-144
35
-41
-136
37
-44
-140
42
-44
-147
29
-48
-151
5
-57
-151
-17
-71
-158
62
-10
-118
59
-15
-142
77
-6
-131
92
-1
-107
84
-10
-122
79
-8
-136
88
1
-127
84
-6
-131
86
-1
-129
70
-15
-147
68
-12
-140
77
-15
-111
86
-8
-115
101
6
-140
103
1
-142
103
-3
-158
99
-3
-165
79
-12
-158
66
-10
-140
59
-3
-120
46
-15
-113
33
-28
-109
35
-32
-115
37
-37
-124
55
-26
-120
51
-32
-129
46
-32
-131
40
-44
-147
42
-41
-156
27
-48
-162
2
-57
-160
-11
-64
-156
59
-15
-127
59
-17
-158
75
-12
-151
94
-12
-124
79
-24
-138
86
-3
-133
90
1
-131
90
1
-131
86
-3
-136
84
-3
-136
75
-6
-124
73
-17
-104
81
-12
-118
92
-3
-147
94
-6
-149
99
-8
-153
101
-1
-144
77
-6
-127
46
-12
-111
-6
-46
-122
-30
-59
-115
-57
-86
-120
-50
-89
-127
-22
-71
-120
-9
-68
-124
22
-46
-109
42
-30
-118
35
-39
-144
40
-39
-153
33
-41
-156
13
-48
-156
-9
-62
-158
68
-21
-142
68
-15
-160
79
-17
-162
110
-10
-133
94
-15
-136
94
1
-129
99
8
-124
99
6
-124
90
-3
-133
90
1
-131
94
15
-104
147
66
-20
116
30
-64
73
-12
-140
84
-3
-127
88
-6
-111
75
-10
-102
55
-12
-82
-44
-82
-127
-46
-66
-86
-57
-59
-62
-70
-59
-44
-96
-93
-84
-109
-120
-120
-83
-104
-115
-90
-122
-144
-24
-71
-131
18
-41
-129
35
-32
-136
35
-35
-144
27
-39
-144
7
-50
-151
68
-21
-140
70
-6
-124
81
-3
-122
101
-6
-127
99
-6
-136
86
-8
-142
99
8
-127
92
-1
-133
88
-8
-140
88
-1
-138
108
26
-100
268
218
134
156
89
7
59
-6
-107
48
-12
-98
40
-19
-73
-28
-82
-120
-101
-142
-162
-85
-106
-107
-24
-30
-13
-26
-15
16
-39
-6
32
-59
-32
3
-68
-50
-24
-109
-100
-82
-87
-86
-75
-85
-97
-127
-41
-75
-131
9
-46
-124
31
-35
-129
20
-50
-151
11
-53
-151
53
-17
-111
20
-28
-89
13
-37
-104
51
-10
-113
81
-3
-133
90
-8
-144
94
-1
-140
94
-3
-140
86
-12
-149
90
-1
-144
86
3
-138
123
48
-42
73
12
-57
9
-32
-102
-59
-93
-136
-127
-149
-162
-120
-131
-136
-127
-136
-131
-77
-75
-62
-13
-8
14
-4
10
36
-11
12
41
-22
-1
27
-66
-46
-17
-55
-37
-15
-72
-57
-40
-144
-131
-127
-125
-131
-149
-35
-73
-122
35
-26
-102
31
-41
-133
22
-48
-142
7
-37
-104
-33
-48
-53
-169
-178
-194
-79
-95
-169
64
1
-124
101
3
-136
97
-3
-142
101
3
-136
99
1
-138
92
-1
-149
88
8
-144
51
-21
-115
11
-41
-100
7
-19
-64
-52
-66
-75
-123
-111
-104
-101
-75
-71
-114
-93
-89
-90
-73
-66
18
30
38
48
57
63
0
3
9
-41
-39
-31
-37
-32
-22
-20
-12
-2
-85
-75
-60
-133
-102
-78
-171
-156
-144
-98
-124
-151
18
-41
-102
37
-39
-124
22
-53
-144
16
-3
-31
-55
-46
-26
-180
-165
-147
-118
-118
-140
42
-12
-107
94
1
-138
90
-6
-151
97
-1
-144
103
6
-122
81
-8
-118
35
-17
-118
-9
-50
-122
13
-15
-60
44
32
7
-17
-24
-24
-79
-66
-55
-72
-48
-35
-85
-64
-49
-103
-89
-78
0
3
7
86
82
81
27
17
18
-48
-53
-51
-39
-41
-35
-52
-53
-44
-85
-80
-66
-153
-127
-102
-164
-142
-122
-147
-156
-160
-37
-75
-120
31
-30
-118
27
-44
-144
101
100
90
-46
-26
3
-153
-131
-100
0
10
21
64
17
-49
81
-8
-136
86
1
-140
92
12
-120
90
10
-84
110
41
-20
-24
-62
-100
2
-26
-57
73
55
38
70
59
54
-6
-12
-6
-83
-82
-66
-92
-80
-60
-87
-71
-49
-96
-86
-69
-94
-102
-95
31
19
18
48
41
43
-24
-30
-24
-81
-84
-75
-90
-89
-78
-83
-77
-62
-116
-97
-82
-149
-133
-113
-184
-183
-171
-109
-129
-153
20
-24
-100
29
-30
-131
123
133
132
22
50
88
-66
-37
3
66
84
101
110
73
18
75
-1
-118
70
-1
-127
64
3
-98
182
142
94
248
218
210
182
142
139
70
32
34
110
82
92
53
32
47
2
-15
7
-68
-71
-55
-83
-73
-55
-109
-95
-73
-142
-133
-113
-105
-109
-102
29
19
18
42
37
41
20
17
23
-39
-41
-33
-83
-80
-66
-81
-71
-57
-87
-71
-57
-107
-91
-73
-162
-151
-136
-184
-194
-198
-63
-93
-133
18
-30
-104
130
149
159
-35
-1
41
40
77
121
90
118
143
116
89
41
68
-10
-120
77
3
-118
-4
-62
-127
195
180
168
248
241
273
211
167
188
88
41
61
130
95
114
70
46
63
2
-19
1
-9
-12
1
-101
-91
-78
-96
-82
-60
-173
-162
-142
-72
-71
-60
112
109
112
73
68
74
68
68
76
-37
-37
-26
-81
-75
-60
-46
-32
-17
-79
-64
-55
-101
-84
-69
-142
-129
-100
-182
-180
-158
-142
-158
-162
-44
-80
-129
140
167
190
-52
-19
27
24
62
110
101
131
166
138
113
72
92
8
-100
108
15
-109
22
-53
-133
-15
-48
-53
154
147
188
165
122
134
101
57
65
134
100
105
143
122
123
22
6
5
-15
-21
-20
-48
-41
-33
-87
-73
-55
-188
-176
-156
2
10
21
189
189
197
79
80
85
48
50
59
-68
-62
-49
-90
-82
-64
-66
-53
-35
-44
-28
-22
-85
-66
-51
-112
-93
-57
-151
-142
-109
-136
-138
-124
-105
-136
-173
143
174
201
-74
-46
3
7
39
90
112
142
181
110
89
65
92
15
-80
119
15
-113
77
-17
-127
-59
-109
-133
97
84
108
97
62
50
29
-6
-22
136
111
99
202
192
177
79
73
56
-2
-8
-13
-9
-6
3
-20
-6
12
-162
-149
-127
57
68
81
154
158
166
68
73
81
-2
3
16
-72
-64
-46
-87
-75
-55
-87
-73
-53
-63
-48
-42
-83
-66
-51
-87
-66
-33
-112
-97
-69
-98
-95
-89
-112
-138
-178
143
169
199
-68
-48
-2
62
84
132
134
160
197
-11
-15
-13
27
-24
-84
108
17
-102
94
-1
-120
-46
-100
-144
51
35
36
46
19
-2
94
73
52
143
129
114
224
223
215
123
124
119
37
32
30
5
1
7
-15
-6
12
-116
-102
-80
66
80
96
136
145
157
55
62
72
-22
-15
1
-81
-71
-53
-96
-82
-62
-114
-97
-75
-96
-82
-71
-55
-37
-22
-52
-35
-11
-74
-64
-51
-59
-62
-78
-66
-97
-156
154
178
206
-35
-21
18
97
113
152
136
156
188
-41
-17
12
-55
-62
-82
70
6
-93
94
12
-109
-52
-95
-156
-20
-24
-35
31
15
-2
162
153
146
145
142
146
105
109
123
46
53
81
66
59
67
48
44
47
-46
-37
-20
-116
-102
-75
62
80
101
121
131
148
29
37
52
13
26
41
-30
-17
3
-85
-68
-46
-72
-53
-28
-63
-46
-31
-33
-15
1
-20
-1
16
-52
-46
-53
-59
-71
-113
-15
-48
-127
160
180
208
18
28
72
105
113
157
132
138
172
13
46
85
-101
-75
-60
35
8
-35
68
19
-60
-20
-50
-115
13
8
-24
42
32
27
233
234
239
259
268
282
46
48
74
24
30
59
16
10
18
-6
-10
-6
-35
-28
-20
-63
-64
-64
44
39
32
97
95
94
62
68
76
-26
-19
-6
-81
-71
-53
-116
-100
-80
-81
-64
-37
-41
-28
-11
-26
-17
-11
-9
-15
-24
-46
-68
-111
-6
-46
-124
27
-28
-124
173
194
224
48
66
125
97
106
166
147
147
188
97
120
152
-101
-68
-31
5
19
50
31
21
21
31
10
-49
-61
-82
-149
66
59
65
108
104
114
84
80
83
35
35
30
-24
-24
-35
-24
-24
-31
-50
-35
-26
-41
-35
-37
-26
-59
-102
103
59
1
70
48
12
53
55
50
24
30
32
-33
-26
-15
-101
-91
-71
-98
-84
-60
-66
-53
-22
-50
-57
-49
-37
-75
-109
2
-64
-131
59
-19
-109
44
-28
-129
197
221
248
86
111
170
88
113
179
130
151
201
114
147
183
-66
-32
3
-61
-46
-4
70
73
92
53
46
16
-39
-53
-95
11
-1
3
-13
-26
-20
-22
-32
-33
-17
-26
-33
-48
-57
-69
-20
-15
-13
-83
-57
-35
-50
-30
-20
44
26
-4
-13
-46
-89
-123
-136
-160
9
8
3
20
21
25
-107
-106
-95
-140
-136
-118
-144
-136
-113
-116
-104
-86
-48
-53
-57
-17
-50
-89
42
-10
-80
57
-1
-89
35
-15
-111
193
212
226
119
151
197
94
131
190
108
145
199
114
151
188
0
32
65
-83
-64
-17
37
50
88
64
71
83
24
26
16
-44
-59
-53
-103
-118
-109
22
10
9
0
-12
-17
11
1
-8
51
59
65
-85
-55
-24
-70
-46
-24
57
50
36
18
1
-24
-15
-17
-26
-37
-39
-40
-107
-109
-102
-131
-129
-115
-175
-169
-144
-129
-122
-98
-83
-106
-142
20
-26
-100
68
6
-93
79
8
-111
66
-3
-131
59
-12
-129
165
169
170
138
162
186
103
133
172
110
140
181
116
147
179
44
73
108
-83
-59
-11
-11
10
63
-4
17
59
29
44
70
44
39
50
-118
-129
-118
11
3
9
-35
-44
-40
46
39
43
132
133
143
-17
3
32
-112
-93
-69
16
6
-2
29
17
3
22
28
32
-77
-68
-57
-160
-151
-133
-158
-147
-120
-169
-151
-115
-74
-59
-24
-6
-57
-98
86
3
-80
103
10
-89
88
-8
-115
75
-12
-120
55
-21
-129
90
89
94
156
171
186
121
138
159
116
127
152
125
145
170
62
91
125
-55
-30
16
16
41
94
103
131
181
-46
-26
16
-68
-59
-37
-96
-89
-69
-68
-59
-40
-4
3
27
119
127
154
147
147
163
57
71
99
-52
-37
-6
-77
-86
-84
-81
-89
-91
-140
-124
-104
-171
-145
-111
-188
-158
-118
-219
-187
-140
-171
-133
-78
-140
-102
-46
-35
-37
-64
44
19
-49
44
15
-62
9
-17
-95
7
-8
-78
-9
-26
-91
-15
8
45
156
187
215
116
138
161
119
118
143
125
140
168
31
62
96
-90
-66
-28
57
82
123
265
292
326
208
236
270
20
53
90
22
55
96
55
89
134
114
147
197
145
178
233
154
169
208
97
124
172
2
37
88
-30
-17
12
-138
-122
-93
-195
-151
-102
-197
-140
-80
-164
-104
-37
-144
-80
-4
-138
-71
14
-144
-73
16
-120
-39
41
-114
-35
34
-101
-28
36
-120
-46
18
-142
-55
18
-151
-59
25
-98
-26
65
112
180
244
110
149
197
114
124
163
116
136
175
35
66
103
-33
-10
21
191
212
235
283
304
320
281
306
331
184
241
286
0
59
119
-22
35
101
0
55
130
-17
37
117
-4
37
108
-44
17
99
-123
-53
34
-123
-66
1
-140
-77
-6
-158
-73
16
-162
-73
14
-160
-71
25
-149
-53
47
-149
-50
61
-160
-57
59
-177
-46
70
-160
-28
83
-142
-19
85
-166
-44
63
-177
-44
74
-180
-48
63
-182
-62
70
-61
46
143
44
115
188
97
129
188
119
147
197
90
120
157
90
111
134
268
288
297
283
301
306
226
257
277
-30
44
110
-140
-64
16
-155
-82
3
-164
-91
3
-164
-93
7
-166
-100
-6
-173
-84
25
-180
-80
36
-171
-80
21
-180
-77
27
-188
-68
47
-171
-59
47
-171
-62
50
-177
-66
54
-180
-62
63
-171
-53
79
-171
-50
74
-162
-46
74
-151
-46
70
-155
-50
67
-160
-48
79
-173
-59
65
-208
-57
83
-208
-66
59
-142
-32
67
16
82
161
92
140
195
18
44
74
154
162
172
285
299
308
257
288
315
37
95
159
-138
-50
52
-162
-73
32
-162
-73
34
-160
-71
38
-164
-75
36
-162
-73
27
-169
-68
30
-180
-73
30
-186
-77
25
-197
-84
21
-195
-75
36
-186
-68
47
-188
-71
47
-180
-62
59
-173
-55
67
-149
-30
92
-136
-30
85
-142
-35
85
-149
-32
94
-162
-39
90
-171
-50
81
-160
-30
101
-166
-12
130
-206
-50
81
-197
-71
45
-112
-24
72
9
71
141
9
44
88
200
216
235
287
306
324
138
183
226
-127
-53
32
-153
-57
54
-162
-64
47
-158
-59
52
-158
-59
52
-171
-75
38
-173
-77
25
-177
-77
21
-182
-80
18
-193
-82
21
-186
-75
30
-184
-68
43
-184
-62
61
-177
-55
67
-171
-48
76
-142
-19
103
-136
-15
108
-131
-17
96
-142
-19
101
-153
-19
112
-162
-26
108
-118
15
141
-90
46
175
-158
-6
137
-195
-39
96
-204
-68
59
-182
-75
41
-127
-48
50
9
64
134
219
252
291
254
288
320
0
59
110
-144
-55
23
-164
-66
43
-149
-50
61
-153
-55
56
-175
-77
34
-175
-77
34
-169
-75
34
-171
-73
34
-177
-75
34
-177
-68
43
-175
-64
52
-175
-59
61
-173
-44
83
-153
-24
103
-144
-15
112
-153
-26
103
-171
-44
83
-177
-48
81
-193
-57
76
-160
-19
121
-112
30
166
-85
48
175
-105
19
146
-162
-15
130
-195
-41
101
-208
-62
76
-195
-68
65
-175
-75
50
-101
-24
76
171
230
288
191
250
291
-59
21
81
-129
-28
50
-153
-50
56
-166
-66
45
-144
-44
65
-166
-66
43
-184
-82
27
-173
-77
34
-169
-73
41
-166
-66
50
-169
-62
59
-171
-62
63
-160
-44
81
-186
-55
76
-186
-53
79
-166
-32
99
-169
-35
96
-186
-53
79
-210
-71
65
-184
-35
110
-125
28
175
-125
21
161
-171
-41
85
-160
-46
79
-162
-19
128
-195
-44
96
-201
-55
88
-199
-64
83
-182
-64
76
-171
-73
47
-44
37
123
101
180
239
-131
-37
34
-153
-44
38
-158
-50
54
-155
-48
59
-138
-30
79
-144
-37
70
-153
-46
61
-173
-75
36
-180
-84
32
-182
-82
36
-171
-64
59
-164
-55
70
-171
-55
72
-180
-48
79
-184
-53
76
-186
-55
72
-190
-59
70
-184
-53
76
-175
-32
105
-133
19
166
-169
-15
134
-204
-59
81
-239
-127
-2
-160
-53
72
-123
17
163
-180
-37
99
-204
-64
74
-188
-57
94
-190
-66
79
-177
-62
63
-180
-84
21
-116
-21
65
-164
-62
23
-204
-89
3
-212
-102
3
-188
-77
30
-164
-53
54
-149
-37
70
-144
-32
74
-155
-55
54
-149
-50
61
-140
-39
74
-147
-39
79
-155
-44
76
-162
-48
74
-173
-50
72
-186
-64
61
-199
-75
47
-180
-57
65
-136
-10
112
-98
35
168
-112
32
172
-149
-1
143
-188
-44
94
-243
-118
9
-184
-71
52
-138
-1
143
-164
-32
99
-195
-71
63
-177
-57
88
-186
-59
79
-180
-55
67
-175
-64
47
-184
-80
18
-180
-71
25
-212
-100
1
-221
-111
-4
-206
-95
12
-212
-102
5
-208
-97
9
-193
-82
25
-169
-68
36
-149
-48
54
-136
-35
70
-127
-17
90
-107
6
117
-120
-8
108
-164
-48
67
-177
-64
52
-177
-64
52
-140
-26
90
-85
30
148
-33
89
208
-68
64
192
-140
-3
134
-215
-77
59
-208
-77
50
-228
-118
7
-153
-21
125
-149
-26
101
-173
-62
63
-177
-68
67
-184
-62
67
-184
-55
63
-184
-66
43
-188
-80
25
-193
-84
23
-215
-106
3
-223
-113
-6
-208
-97
9
-217
-106
1
-208
-97
9
-230
-120
-13
-232
-131
-33
-201
-104
-8
-169
-66
32
-138
-28
74
-109
6
108
-127
-12
92
-155
-46
61
-158
-48
59
-173
-66
43
-125
-17
92
-77
32
141
-41
66
175
-77
41
159
-166
-39
92
-219
-89
45
-197
-73
56
-226
-111
14
