-6
-4
-2
0
2
4
11
0
-12
-6
-4
-2
0
2
4
11
-6
-4
-2
0
2
4
11
0
-12
-6
-4
-2
0
2
4
11
-12
-6
-4
-2
0
2
4
11
-6
-4
-2
0
2
4
0
0
-12
-6
-4
-2
0
2
4
11
-2
0
2
0
0
0
0
0
-12
-6
-4
-2
0
2
4
11
-4
-2
0
2
4
11
0
0
-12
-6
-4
-2
0
2
4
11
-4
-2
0
2
4
0
0
0
-12
-6
-4
-2
0
2
4
11
-12
-6
-4
-2
0
2
4
11
-12
-6
-4
-2
0
2
4
11
-12
-6
-4
-2
0
2
4
11
-12
-6
-4
-2
0
2
4
11
-12
-6
-4
-2
0
2
4
11
0
0
0
0
0
0
0
0
-12
-6
-4
-2
0
2
4
11
-12
-6
-4
-2
0
2
4
11
-6
-4
-2
0
2
4
11
0
-12
-6
-4
-2
0
2
4
11
-6
-4
-2
0
2
4
11
0
-6
-4
-2
0
2
4
11
0
-6
-4
-2
0
2
4
11
0
-12
-6
-4
-2
0
2
4
11
-6
-4
-2
0
2
4
11
0
-12
-6
-4
-2
0
2
4
11
-6
-4
-2
0
2
4
0
0
-12
-6
-4
-2
0
2
4
11
-12
-6
-4
-2
0
2
4
11
