4936
3760
-130
-562
8295
4112
2661
4787
-2568
7382
360
579
-953
-1091
-2700
9096
5735
5290
1753
-4067
6589
-1011
1717
473
2715
-4482
2113
-1778
1037
4345
1267
1900
241
1350
3487
6181
1275
-37
-3684
7374
-3651
1834
1425
175
-1470
682
-5074
-1702
5342
-4673
3894
6770
1704
-225
-730
84
-1633
-679
-7679
3318
5864
3486
3404
-3258
6477
3998
-4341
2621
-1847
2121
10109
5622
7478
1178
1675
-444
1074
670
1081
-2076
-2214
-2280
1622
635
7177
-96
-2311
-13611
1819
-2743
87
2006
7620
4551
528
3164
731
1866
-1695
1698
2082
4321
-1641
-35
-257
-1811
3474
1079
-3244
3631
1117
2236
-6287
-4343
-516
-766
1439
1052
1032
4452
-327
2826
-1156
3533
-5327
-730
1233
658
