-2
-1
0
1
2
0
0
0
0
0
0
0
0
0
0
-4
-3
-2
-1
0
1
2
3
4
0
0
0
0
0
0
-5
-4
-3
-2
-1
0
1
2
3
4
0
0
0
0
0
-3
-2
-1
0
1
2
3
0
0
0
0
0
0
0
0
-4
-3
-2
-1
0
1
2
3
4
0
0
0
0
0
0
-4
-3
-2
-1
0
1
2
3
4
0
0
0
0
0
0
-4
-3
-2
-1
0
1
2
3
4
5
6
0
0
0
0
-2
-1
0
1
2
3
0
0
0
0
0
0
0
0
0
-4
-3
-2
-1
0
1
2
3
4
0
0
0
0
0
0
-4
-3
-2
-1
0
1
2
3
0
0
0
0
0
0
0
-2
-1
0
1
2
3
0
0
0
0
0
0
0
0
0
-4
-3
-2
-1
0
1
2
3
4
5
0
0
0
0
0
-6
-4
-3
-2
-1
0
1
2
3
4
5
6
0
0
0
-4
-3
-2
-1
0
1
2
3
4
0
0
0
0
0
0
-4
-3
-2
-1
0
1
2
3
0
0
0
0
0
0
0
-3
-2
-1
0
1
2
3
4
0
0
0
0
0
0
0
-6
-5
-4
-3
-2
-1
0
1
2
3
4
5
6
8
0
-5
-4
-3
-2
-1
0
1
2
3
4
8
0
0
0
0
-4
-3
-2
-1
0
1
2
3
4
0
0
0
0
0
0
-3
-2
-1
0
1
2
3
4
0
0
0
0
0
0
0
-6
-5
-4
-3
-2
-1
0
1
2
3
4
5
6
0
0
-4
-3
-2
-1
0
1
2
3
4
0
0
0
0
0
0
-4
-3
-2
-1
0
1
2
3
4
5
0
0
0
0
0
-3
-2
-1
0
1
2
3
0
0
0
0
0
0
0
0
-5
-4
-3
-2
-1
0
1
2
3
4
5
6
0
0
0
-3
-2
-1
0
1
2
3
4
0
0
0
0
0
0
0
-4
-3
-2
-1
0
1
2
3
4
5
7
0
0
0
0
-5
-4
-3
-2
-1
0
1
2
3
4
5
7
0
0
0
-3
-2
-1
0
1
2
3
0
0
0
0
0
0
0
0
-5
-3
-2
-1
0
1
2
3
4
0
0
0
0
0
0
-2
-1
0
1
2
3
0
0
0
0
0
0
0
0
0
-3
-2
-1
0
1
2
3
0
0
0
0
0
0
0
0
