-12
-8
-4
0
4
8
13
-12
-8
-4
0
4
8
13
-8
-4
0
4
8
0
0
-12
-8
-4
0
4
8
13
-12
-8
-4
0
4
8
13
-12
-8
-4
0
4
8
13
-12
-8
-4
0
4
8
13
-12
-8
-4
0
4
8
0
-12
-8
-4
0
4
8
0
-8
-4
0
4
8
0
0
-12
-8
-4
0
4
8
0
-8
-4
0
4
8
13
0
-12
-8
-4
0
4
8
13
-8
-4
0
4
8
13
0
-12
-8
-4
0
4
8
13
-8
-4
0
4
8
13
0
-12
-8
-4
0
4
8
13
-8
-4
0
4
8
0
0
-12
-8
-4
0
4
8
13
-8
-4
0
4
8
13
0
-12
-8
-4
0
4
8
0
-12
-8
-4
0
4
8
13
-8
-4
0
4
8
13
0
-8
-4
0
4
8
13
0
-8
-4
0
4
8
13
0
-8
-4
0
4
8
13
0
-12
-8
-4
0
4
8
13
-12
-8
-4
0
4
8
13
-8
-4
0
4
8
13
0
-12
-8
-4
0
4
8
13
-12
-8
-4
0
4
8
13
-8
-4
0
4
8
0
0
